
1200 651
1   -1.5000000000000000E+03 0.0000000000000000E+00  4.0000000000000000E+00
2   -1.4000000000000000E+03 0.0000000000000000E+00  4.0000000000000000E+00
3   -1.3000000000000000E+03 0.0000000000000000E+00  4.0000000000000000E+00
4   -1.2000000000000000E+03 0.0000000000000000E+00  4.0000000000000000E+00
5   -1.1000000000000000E+03 0.0000000000000000E+00  4.0000000000000000E+00
6   -1.0000000000000000E+03 0.0000000000000000E+00  4.0000000000000000E+00
7   -9.0000000000000000E+02 0.0000000000000000E+00  4.0000000000000000E+00
8   -8.0000000000000000E+02 0.0000000000000000E+00  4.0000000000000000E+00
9   -7.0000000000000000E+02 0.0000000000000000E+00  4.0000000000000000E+00
10  -6.0000000000000000E+02 0.0000000000000000E+00  4.0000000000000000E+00
11  -5.0000000000000000E+02 0.0000000000000000E+00  4.0000000000000000E+00
12  -4.0000000000000000E+02 0.0000000000000000E+00  4.0000000000000000E+00
13  -3.0000000000000000E+02 0.0000000000000000E+00  4.0000000000000000E+00
14  -2.0000000000000000E+02 0.0000000000000000E+00  4.0000000000000000E+00
15  -1.0000000000000000E+02 0.0000000000000000E+00  4.0000000000000000E+00
16   0.0000000000000000E+00 0.0000000000000000E+00  4.0000000000000000E+00
17   1.0000000000000000E+02 0.0000000000000000E+00  4.0000000000000000E+00
18   2.0000000000000000E+02 0.0000000000000000E+00  4.0000000000000000E+00
19   3.0000000000000000E+02 0.0000000000000000E+00  4.0000000000000000E+00
20   4.0000000000000000E+02 0.0000000000000000E+00  4.0000000000000000E+00
21   5.0000000000000000E+02 0.0000000000000000E+00  4.0000000000000000E+00
22   6.0000000000000000E+02 0.0000000000000000E+00  4.0000000000000000E+00
23   7.0000000000000000E+02 0.0000000000000000E+00  4.0000000000000000E+00
24   8.0000000000000000E+02 0.0000000000000000E+00  4.0000000000000000E+00
25   9.0000000000000000E+02 0.0000000000000000E+00  4.0000000000000000E+00
26   1.0000000000000000E+03 0.0000000000000000E+00  4.0000000000000000E+00
27   1.1000000000000000E+03 0.0000000000000000E+00  4.0000000000000000E+00
28   1.2000000000000000E+03 0.0000000000000000E+00  4.0000000000000000E+00
29   1.3000000000000000E+03 0.0000000000000000E+00  4.0000000000000000E+00
30   1.4000000000000000E+03 0.0000000000000000E+00  4.0000000000000000E+00
31   1.5000000000000000E+03 0.0000000000000000E+00  4.0000000000000000E+00
32  -1.5000000000000000E+03 1.0000000000000000E+02  4.0000000000000000E+00
33  -1.4000000000000000E+03 1.0000000000000000E+02  4.0000000000000000E+00
34  -1.3000000000000000E+03 1.0000000000000000E+02  4.0000000000000000E+00
35  -1.2000000000000000E+03 1.0000000000000000E+02  4.0000000000000000E+00
36  -1.1000000000000000E+03 1.0000000000000000E+02  4.0000000000000000E+00
37  -1.0000000000000000E+03 1.0000000000000000E+02  4.0000000000000000E+00
38  -9.0000000000000000E+02 1.0000000000000000E+02  4.0000000000000000E+00
39  -8.0000000000000000E+02 1.0000000000000000E+02  4.0000000000000000E+00
40  -7.0000000000000000E+02 1.0000000000000000E+02  4.0000000000000000E+00
41  -6.0000000000000000E+02 1.0000000000000000E+02  4.0000000000000000E+00
42  -5.0000000000000000E+02 1.0000000000000000E+02  4.0000000000000000E+00
43  -4.0000000000000000E+02 1.0000000000000000E+02  4.0000000000000000E+00
44  -3.0000000000000000E+02 1.0000000000000000E+02  4.0000000000000000E+00
45  -2.0000000000000000E+02 1.0000000000000000E+02  4.0000000000000000E+00
46  -1.0000000000000000E+02 1.0000000000000000E+02  4.0000000000000000E+00
47   0.0000000000000000E+00 1.0000000000000000E+02  4.0000000000000000E+00
48   1.0000000000000000E+02 1.0000000000000000E+02  4.0000000000000000E+00
49   2.0000000000000000E+02 1.0000000000000000E+02  4.0000000000000000E+00
50   3.0000000000000000E+02 1.0000000000000000E+02  4.0000000000000000E+00
51   4.0000000000000000E+02 1.0000000000000000E+02  4.0000000000000000E+00
52   5.0000000000000000E+02 1.0000000000000000E+02  4.0000000000000000E+00
53   6.0000000000000000E+02 1.0000000000000000E+02  4.0000000000000000E+00
54   7.0000000000000000E+02 1.0000000000000000E+02  4.0000000000000000E+00
55   8.0000000000000000E+02 1.0000000000000000E+02  4.0000000000000000E+00
56   9.0000000000000000E+02 1.0000000000000000E+02  4.0000000000000000E+00
57   1.0000000000000000E+03 1.0000000000000000E+02  4.0000000000000000E+00
58   1.1000000000000000E+03 1.0000000000000000E+02  4.0000000000000000E+00
59   1.2000000000000000E+03 1.0000000000000000E+02  4.0000000000000000E+00
60   1.3000000000000000E+03 1.0000000000000000E+02  4.0000000000000000E+00
61   1.4000000000000000E+03 1.0000000000000000E+02  4.0000000000000000E+00
62   1.5000000000000000E+03 1.0000000000000000E+02  4.0000000000000000E+00
63  -1.5000000000000000E+03 2.0000000000000000E+02  4.0000000000000000E+00
64  -1.4000000000000000E+03 2.0000000000000000E+02  4.0000000000000000E+00
65  -1.3000000000000000E+03 2.0000000000000000E+02  4.0000000000000000E+00
66  -1.2000000000000000E+03 2.0000000000000000E+02  4.0000000000000000E+00
67  -1.1000000000000000E+03 2.0000000000000000E+02  4.0000000000000000E+00
68  -1.0000000000000000E+03 2.0000000000000000E+02  4.0000000000000000E+00
69  -9.0000000000000000E+02 2.0000000000000000E+02  4.0000000000000000E+00
70  -8.0000000000000000E+02 2.0000000000000000E+02  4.0000000000000000E+00
71  -7.0000000000000000E+02 2.0000000000000000E+02  4.0000000000000000E+00
72  -6.0000000000000000E+02 2.0000000000000000E+02  4.0000000000000000E+00
73  -5.0000000000000000E+02 2.0000000000000000E+02  4.0000000000000000E+00
74  -4.0000000000000000E+02 2.0000000000000000E+02  4.0000000000000000E+00
75  -3.0000000000000000E+02 2.0000000000000000E+02  4.0000000000000000E+00
76  -2.0000000000000000E+02 2.0000000000000000E+02  4.0000000000000000E+00
77  -1.0000000000000000E+02 2.0000000000000000E+02  4.0000000000000000E+00
78   0.0000000000000000E+00 2.0000000000000000E+02  4.0000000000000000E+00
79   1.0000000000000000E+02 2.0000000000000000E+02  4.0000000000000000E+00
80   2.0000000000000000E+02 2.0000000000000000E+02  4.0000000000000000E+00
81   3.0000000000000000E+02 2.0000000000000000E+02  4.0000000000000000E+00
82   4.0000000000000000E+02 2.0000000000000000E+02  4.0000000000000000E+00
83   5.0000000000000000E+02 2.0000000000000000E+02  4.0000000000000000E+00
84   6.0000000000000000E+02 2.0000000000000000E+02  4.0000000000000000E+00
85   7.0000000000000000E+02 2.0000000000000000E+02  4.0000000000000000E+00
86   8.0000000000000000E+02 2.0000000000000000E+02  4.0000000000000000E+00
87   9.0000000000000000E+02 2.0000000000000000E+02  4.0000000000000000E+00
88   1.0000000000000000E+03 2.0000000000000000E+02  4.0000000000000000E+00
89   1.1000000000000000E+03 2.0000000000000000E+02  4.0000000000000000E+00
90   1.2000000000000000E+03 2.0000000000000000E+02  4.0000000000000000E+00
91   1.3000000000000000E+03 2.0000000000000000E+02  4.0000000000000000E+00
92   1.4000000000000000E+03 2.0000000000000000E+02  4.0000000000000000E+00
93   1.5000000000000000E+03 2.0000000000000000E+02  4.0000000000000000E+00
94  -1.5000000000000000E+03 3.0000000000000000E+02  4.0000000000000000E+00
95  -1.4000000000000000E+03 3.0000000000000000E+02  4.0000000000000000E+00
96  -1.3000000000000000E+03 3.0000000000000000E+02  4.0000000000000000E+00
97  -1.2000000000000000E+03 3.0000000000000000E+02  4.0000000000000000E+00
98  -1.1000000000000000E+03 3.0000000000000000E+02  4.0000000000000000E+00
99  -1.0000000000000000E+03 3.0000000000000000E+02  4.0000000000000000E+00
100 -9.0000000000000000E+02 3.0000000000000000E+02  4.0000000000000000E+00
101 -8.0000000000000000E+02 3.0000000000000000E+02  4.0000000000000000E+00
102 -7.0000000000000000E+02 3.0000000000000000E+02  4.0000000000000000E+00
103 -6.0000000000000000E+02 3.0000000000000000E+02  4.0000000000000000E+00
104 -5.0000000000000000E+02 3.0000000000000000E+02  4.0000000000000000E+00
105 -4.0000000000000000E+02 3.0000000000000000E+02  4.0000000000000000E+00
106 -3.0000000000000000E+02 3.0000000000000000E+02  4.0000000000000000E+00
107 -2.0000000000000000E+02 3.0000000000000000E+02  4.0000000000000000E+00
108 -1.0000000000000000E+02 3.0000000000000000E+02  4.0000000000000000E+00
109  0.0000000000000000E+00 3.0000000000000000E+02  4.0000000000000000E+00
110  1.0000000000000000E+02 3.0000000000000000E+02  4.0000000000000000E+00
111  2.0000000000000000E+02 3.0000000000000000E+02  4.0000000000000000E+00
112  3.0000000000000000E+02 3.0000000000000000E+02  4.0000000000000000E+00
113  4.0000000000000000E+02 3.0000000000000000E+02  4.0000000000000000E+00
114  5.0000000000000000E+02 3.0000000000000000E+02  4.0000000000000000E+00
115  6.0000000000000000E+02 3.0000000000000000E+02  4.0000000000000000E+00
116  7.0000000000000000E+02 3.0000000000000000E+02  4.0000000000000000E+00
117  8.0000000000000000E+02 3.0000000000000000E+02  4.0000000000000000E+00
118  9.0000000000000000E+02 3.0000000000000000E+02  4.0000000000000000E+00
119  1.0000000000000000E+03 3.0000000000000000E+02  4.0000000000000000E+00
120  1.1000000000000000E+03 3.0000000000000000E+02  4.0000000000000000E+00
121  1.2000000000000000E+03 3.0000000000000000E+02  4.0000000000000000E+00
122  1.3000000000000000E+03 3.0000000000000000E+02  4.0000000000000000E+00
123  1.4000000000000000E+03 3.0000000000000000E+02  4.0000000000000000E+00
124  1.5000000000000000E+03 3.0000000000000000E+02  4.0000000000000000E+00
125 -1.5000000000000000E+03 4.0000000000000000E+02  4.0000000000000000E+00
126 -1.4000000000000000E+03 4.0000000000000000E+02  4.0000000000000000E+00
127 -1.3000000000000000E+03 4.0000000000000000E+02  4.0000000000000000E+00
128 -1.2000000000000000E+03 4.0000000000000000E+02  4.0000000000000000E+00
129 -1.1000000000000000E+03 4.0000000000000000E+02  4.0000000000000000E+00
130 -1.0000000000000000E+03 4.0000000000000000E+02  4.0000000000000000E+00
131 -9.0000000000000000E+02 4.0000000000000000E+02  4.0000000000000000E+00
132 -8.0000000000000000E+02 4.0000000000000000E+02  4.0000000000000000E+00
133 -7.0000000000000000E+02 4.0000000000000000E+02  4.0000000000000000E+00
134 -6.0000000000000000E+02 4.0000000000000000E+02  4.0000000000000000E+00
135 -5.0000000000000000E+02 4.0000000000000000E+02  4.0000000000000000E+00
136 -4.0000000000000000E+02 4.0000000000000000E+02  4.0000000000000000E+00
137 -3.0000000000000000E+02 4.0000000000000000E+02  4.0000000000000000E+00
138 -2.0000000000000000E+02 4.0000000000000000E+02  4.0000000000000000E+00
139 -1.0000000000000000E+02 4.0000000000000000E+02  4.0000000000000000E+00
140  0.0000000000000000E+00 4.0000000000000000E+02  4.0000000000000000E+00
141  1.0000000000000000E+02 4.0000000000000000E+02  4.0000000000000000E+00
142  2.0000000000000000E+02 4.0000000000000000E+02  4.0000000000000000E+00
143  3.0000000000000000E+02 4.0000000000000000E+02  4.0000000000000000E+00
144  4.0000000000000000E+02 4.0000000000000000E+02  4.0000000000000000E+00
145  5.0000000000000000E+02 4.0000000000000000E+02  4.0000000000000000E+00
146  6.0000000000000000E+02 4.0000000000000000E+02  4.0000000000000000E+00
147  7.0000000000000000E+02 4.0000000000000000E+02  4.0000000000000000E+00
148  8.0000000000000000E+02 4.0000000000000000E+02  4.0000000000000000E+00
149  9.0000000000000000E+02 4.0000000000000000E+02  4.0000000000000000E+00
150  1.0000000000000000E+03 4.0000000000000000E+02  4.0000000000000000E+00
151  1.1000000000000000E+03 4.0000000000000000E+02  4.0000000000000000E+00
152  1.2000000000000000E+03 4.0000000000000000E+02  4.0000000000000000E+00
153  1.3000000000000000E+03 4.0000000000000000E+02  4.0000000000000000E+00
154  1.4000000000000000E+03 4.0000000000000000E+02  4.0000000000000000E+00
155  1.5000000000000000E+03 4.0000000000000000E+02  4.0000000000000000E+00
156 -1.5000000000000000E+03 5.0000000000000000E+02  4.0000000000000000E+00
157 -1.4000000000000000E+03 5.0000000000000000E+02  4.0000000000000000E+00
158 -1.3000000000000000E+03 5.0000000000000000E+02  4.0000000000000000E+00
159 -1.2000000000000000E+03 5.0000000000000000E+02  4.0000000000000000E+00
160 -1.1000000000000000E+03 5.0000000000000000E+02  4.0000000000000000E+00
161 -1.0000000000000000E+03 5.0000000000000000E+02  4.0000000000000000E+00
162 -9.0000000000000000E+02 5.0000000000000000E+02  4.0000000000000000E+00
163 -8.0000000000000000E+02 5.0000000000000000E+02  4.0000000000000000E+00
164 -7.0000000000000000E+02 5.0000000000000000E+02  4.0000000000000000E+00
165 -6.0000000000000000E+02 5.0000000000000000E+02  4.0000000000000000E+00
166 -5.0000000000000000E+02 5.0000000000000000E+02  4.0000000000000000E+00
167 -4.0000000000000000E+02 5.0000000000000000E+02  4.0000000000000000E+00
168 -3.0000000000000000E+02 5.0000000000000000E+02  4.0000000000000000E+00
169 -2.0000000000000000E+02 5.0000000000000000E+02  4.0000000000000000E+00
170 -1.0000000000000000E+02 5.0000000000000000E+02  4.0000000000000000E+00
171  0.0000000000000000E+00 5.0000000000000000E+02  4.0000000000000000E+00
172  1.0000000000000000E+02 5.0000000000000000E+02  4.0000000000000000E+00
173  2.0000000000000000E+02 5.0000000000000000E+02  4.0000000000000000E+00
174  3.0000000000000000E+02 5.0000000000000000E+02  4.0000000000000000E+00
175  4.0000000000000000E+02 5.0000000000000000E+02  4.0000000000000000E+00
176  5.0000000000000000E+02 5.0000000000000000E+02  4.0000000000000000E+00
177  6.0000000000000000E+02 5.0000000000000000E+02  4.0000000000000000E+00
178  7.0000000000000000E+02 5.0000000000000000E+02  4.0000000000000000E+00
179  8.0000000000000000E+02 5.0000000000000000E+02  4.0000000000000000E+00
180  9.0000000000000000E+02 5.0000000000000000E+02  4.0000000000000000E+00
181  1.0000000000000000E+03 5.0000000000000000E+02  4.0000000000000000E+00
182  1.1000000000000000E+03 5.0000000000000000E+02  4.0000000000000000E+00
183  1.2000000000000000E+03 5.0000000000000000E+02  4.0000000000000000E+00
184  1.3000000000000000E+03 5.0000000000000000E+02  4.0000000000000000E+00
185  1.4000000000000000E+03 5.0000000000000000E+02  4.0000000000000000E+00
186  1.5000000000000000E+03 5.0000000000000000E+02  4.0000000000000000E+00
187 -1.5000000000000000E+03 6.0000000000000000E+02 -1.0000000000000000E+00
188 -1.4000000000000000E+03 6.0000000000000000E+02 -1.0000000000000000E+00
189 -1.3000000000000000E+03 6.0000000000000000E+02  4.0000000000000000E+00
190 -1.2000000000000000E+03 6.0000000000000000E+02  4.0000000000000000E+00
191 -1.1000000000000000E+03 6.0000000000000000E+02  4.0000000000000000E+00
192 -1.0000000000000000E+03 6.0000000000000000E+02  4.0000000000000000E+00
193 -9.0000000000000000E+02 6.0000000000000000E+02  4.0000000000000000E+00
194 -8.0000000000000000E+02 6.0000000000000000E+02  4.0000000000000000E+00
195 -7.0000000000000000E+02 6.0000000000000000E+02  4.0000000000000000E+00
196 -6.0000000000000000E+02 6.0000000000000000E+02 -1.0000000000000000E+00
197 -5.0000000000000000E+02 6.0000000000000000E+02 -1.0000000000000000E+00
198 -4.0000000000000000E+02 6.0000000000000000E+02 -1.0000000000000000E+00
199 -3.0000000000000000E+02 6.0000000000000000E+02  4.0000000000000000E+00
200 -2.0000000000000000E+02 6.0000000000000000E+02  4.0000000000000000E+00
201 -1.0000000000000000E+02 6.0000000000000000E+02  4.0000000000000000E+00
202  0.0000000000000000E+00 6.0000000000000000E+02  4.0000000000000000E+00
203  1.0000000000000000E+02 6.0000000000000000E+02  4.0000000000000000E+00
204  2.0000000000000000E+02 6.0000000000000000E+02  4.0000000000000000E+00
205  3.0000000000000000E+02 6.0000000000000000E+02 -1.0000000000000000E+00
206  4.0000000000000000E+02 6.0000000000000000E+02 -1.0000000000000000E+00
207  5.0000000000000000E+02 6.0000000000000000E+02 -1.0000000000000000E+00
208  6.0000000000000000E+02 6.0000000000000000E+02 -1.0000000000000000E+00
209  7.0000000000000000E+02 6.0000000000000000E+02 -1.0000000000000000E+00
210  8.0000000000000000E+02 6.0000000000000000E+02 -1.0000000000000000E+00
211  9.0000000000000000E+02 6.0000000000000000E+02  4.0000000000000000E+00
212  1.0000000000000000E+03 6.0000000000000000E+02  4.0000000000000000E+00
213  1.1000000000000000E+03 6.0000000000000000E+02  4.0000000000000000E+00
214  1.2000000000000000E+03 6.0000000000000000E+02  4.0000000000000000E+00
215  1.3000000000000000E+03 6.0000000000000000E+02 -1.0000000000000000E+00
216  1.4000000000000000E+03 6.0000000000000000E+02 -1.0000000000000000E+00
217  1.5000000000000000E+03 6.0000000000000000E+02 -1.0000000000000000E+00
218 -1.5000000000000000E+03 7.0000000000000000E+02 -1.0000000000000000E+00
219 -1.4000000000000000E+03 7.0000000000000000E+02 -1.0000000000000000E+00
220 -1.3000000000000000E+03 7.0000000000000000E+02  4.0000000000000000E+00
221 -1.2000000000000000E+03 7.0000000000000000E+02  4.0000000000000000E+00
222 -1.1000000000000000E+03 7.0000000000000000E+02  4.0000000000000000E+00
223 -1.0000000000000000E+03 7.0000000000000000E+02 -1.0000000000000000E+00
224 -9.0000000000000000E+02 7.0000000000000000E+02  4.0000000000000000E+00
225 -8.0000000000000000E+02 7.0000000000000000E+02  4.0000000000000000E+00
226 -7.0000000000000000E+02 7.0000000000000000E+02  4.0000000000000000E+00
227 -6.0000000000000000E+02 7.0000000000000000E+02 -1.0000000000000000E+00
228 -5.0000000000000000E+02 7.0000000000000000E+02 -1.0000000000000000E+00
229 -4.0000000000000000E+02 7.0000000000000000E+02 -1.0000000000000000E+00
230 -3.0000000000000000E+02 7.0000000000000000E+02  4.0000000000000000E+00
231 -2.0000000000000000E+02 7.0000000000000000E+02  4.0000000000000000E+00
232 -1.0000000000000000E+02 7.0000000000000000E+02  4.0000000000000000E+00
233  0.0000000000000000E+00 7.0000000000000000E+02  4.0000000000000000E+00
234  1.0000000000000000E+02 7.0000000000000000E+02  4.0000000000000000E+00
235  2.0000000000000000E+02 7.0000000000000000E+02  4.0000000000000000E+00
236  3.0000000000000000E+02 7.0000000000000000E+02  4.0000000000000000E+00
237  4.0000000000000000E+02 7.0000000000000000E+02 -1.0000000000000000E+00
238  5.0000000000000000E+02 7.0000000000000000E+02 -1.0000000000000000E+00
239  6.0000000000000000E+02 7.0000000000000000E+02 -1.0000000000000000E+00
240  7.0000000000000000E+02 7.0000000000000000E+02 -1.0000000000000000E+00
241  8.0000000000000000E+02 7.0000000000000000E+02  4.0000000000000000E+00
242  9.0000000000000000E+02 7.0000000000000000E+02  4.0000000000000000E+00
243  1.0000000000000000E+03 7.0000000000000000E+02  4.0000000000000000E+00
244  1.1000000000000000E+03 7.0000000000000000E+02  4.0000000000000000E+00
245  1.2000000000000000E+03 7.0000000000000000E+02  4.0000000000000000E+00
246  1.3000000000000000E+03 7.0000000000000000E+02  4.0000000000000000E+00
247  1.4000000000000000E+03 7.0000000000000000E+02 -1.0000000000000000E+00
248  1.5000000000000000E+03 7.0000000000000000E+02 -1.0000000000000000E+00
249 -1.5000000000000000E+03 8.0000000000000000E+02 -1.0000000000000000E+00
250 -1.4000000000000000E+03 8.0000000000000000E+02 -1.0000000000000000E+00
251 -1.3000000000000000E+03 8.0000000000000000E+02  4.0000000000000000E+00
252 -1.2000000000000000E+03 8.0000000000000000E+02  4.0000000000000000E+00
253 -1.1000000000000000E+03 8.0000000000000000E+02  4.0000000000000000E+00
254 -1.0000000000000000E+03 8.0000000000000000E+02 -1.0000000000000000E+00
255 -9.0000000000000000E+02 8.0000000000000000E+02  4.0000000000000000E+00
256 -8.0000000000000000E+02 8.0000000000000000E+02  4.0000000000000000E+00
257 -7.0000000000000000E+02 8.0000000000000000E+02  4.0000000000000000E+00
258 -6.0000000000000000E+02 8.0000000000000000E+02 -1.0000000000000000E+00
259 -5.0000000000000000E+02 8.0000000000000000E+02 -1.0000000000000000E+00
260 -4.0000000000000000E+02 8.0000000000000000E+02 -1.0000000000000000E+00
261 -3.0000000000000000E+02 8.0000000000000000E+02  4.0000000000000000E+00
262 -2.0000000000000000E+02 8.0000000000000000E+02  4.0000000000000000E+00
263 -1.0000000000000000E+02 8.0000000000000000E+02 -1.0000000000000000E+00
264  0.0000000000000000E+00 8.0000000000000000E+02 -1.0000000000000000E+00
265  1.0000000000000000E+02 8.0000000000000000E+02  4.0000000000000000E+00
266  2.0000000000000000E+02 8.0000000000000000E+02  4.0000000000000000E+00
267  3.0000000000000000E+02 8.0000000000000000E+02  4.0000000000000000E+00
268  4.0000000000000000E+02 8.0000000000000000E+02 -1.0000000000000000E+00
269  5.0000000000000000E+02 8.0000000000000000E+02 -1.0000000000000000E+00
270  6.0000000000000000E+02 8.0000000000000000E+02 -1.0000000000000000E+00
271  7.0000000000000000E+02 8.0000000000000000E+02  4.0000000000000000E+00
272  8.0000000000000000E+02 8.0000000000000000E+02  4.0000000000000000E+00
273  9.0000000000000000E+02 8.0000000000000000E+02  4.0000000000000000E+00
274  1.0000000000000000E+03 8.0000000000000000E+02  4.0000000000000000E+00
275  1.1000000000000000E+03 8.0000000000000000E+02  4.0000000000000000E+00
276  1.2000000000000000E+03 8.0000000000000000E+02  4.0000000000000000E+00
277  1.3000000000000000E+03 8.0000000000000000E+02  4.0000000000000000E+00
278  1.4000000000000000E+03 8.0000000000000000E+02 -1.0000000000000000E+00
279  1.5000000000000000E+03 8.0000000000000000E+02 -1.0000000000000000E+00
280 -1.5000000000000000E+03 9.0000000000000000E+02 -1.0000000000000000E+00
281 -1.4000000000000000E+03 9.0000000000000000E+02 -1.0000000000000000E+00
282 -1.3000000000000000E+03 9.0000000000000000E+02  4.0000000000000000E+00
283 -1.2000000000000000E+03 9.0000000000000000E+02  4.0000000000000000E+00
284 -1.1000000000000000E+03 9.0000000000000000E+02  4.0000000000000000E+00
285 -1.0000000000000000E+03 9.0000000000000000E+02  4.0000000000000000E+00
286 -9.0000000000000000E+02 9.0000000000000000E+02  4.0000000000000000E+00
287 -8.0000000000000000E+02 9.0000000000000000E+02  4.0000000000000000E+00
288 -7.0000000000000000E+02 9.0000000000000000E+02  4.0000000000000000E+00
289 -6.0000000000000000E+02 9.0000000000000000E+02 -1.0000000000000000E+00
290 -5.0000000000000000E+02 9.0000000000000000E+02 -1.0000000000000000E+00
291 -4.0000000000000000E+02 9.0000000000000000E+02 -1.0000000000000000E+00
292 -3.0000000000000000E+02 9.0000000000000000E+02  4.0000000000000000E+00
293 -2.0000000000000000E+02 9.0000000000000000E+02  4.0000000000000000E+00
294 -1.0000000000000000E+02 9.0000000000000000E+02 -1.0000000000000000E+00
295  0.0000000000000000E+00 9.0000000000000000E+02 -1.0000000000000000E+00
296  1.0000000000000000E+02 9.0000000000000000E+02 -1.0000000000000000E+00
297  2.0000000000000000E+02 9.0000000000000000E+02  4.0000000000000000E+00
298  3.0000000000000000E+02 9.0000000000000000E+02  4.0000000000000000E+00
299  4.0000000000000000E+02 9.0000000000000000E+02 -1.0000000000000000E+00
300  5.0000000000000000E+02 9.0000000000000000E+02 -1.0000000000000000E+00
301  6.0000000000000000E+02 9.0000000000000000E+02 -1.0000000000000000E+00
302  7.0000000000000000E+02 9.0000000000000000E+02  4.0000000000000000E+00
303  8.0000000000000000E+02 9.0000000000000000E+02  4.0000000000000000E+00
304  9.0000000000000000E+02 9.0000000000000000E+02  4.0000000000000000E+00
305  1.0000000000000000E+03 9.0000000000000000E+02 -1.0000000000000000E+00
306  1.1000000000000000E+03 9.0000000000000000E+02  4.0000000000000000E+00
307  1.2000000000000000E+03 9.0000000000000000E+02  4.0000000000000000E+00
308  1.3000000000000000E+03 9.0000000000000000E+02  4.0000000000000000E+00
309  1.4000000000000000E+03 9.0000000000000000E+02 -1.0000000000000000E+00
310  1.5000000000000000E+03 9.0000000000000000E+02 -1.0000000000000000E+00
311 -1.5000000000000000E+03 1.0000000000000000E+03 -1.0000000000000000E+00
312 -1.4000000000000000E+03 1.0000000000000000E+03 -1.0000000000000000E+00
313 -1.3000000000000000E+03 1.0000000000000000E+03  4.0000000000000000E+00
314 -1.2000000000000000E+03 1.0000000000000000E+03  4.0000000000000000E+00
315 -1.1000000000000000E+03 1.0000000000000000E+03  4.0000000000000000E+00
316 -1.0000000000000000E+03 1.0000000000000000E+03  4.0000000000000000E+00
317 -9.0000000000000000E+02 1.0000000000000000E+03  4.0000000000000000E+00
318 -8.0000000000000000E+02 1.0000000000000000E+03  4.0000000000000000E+00
319 -7.0000000000000000E+02 1.0000000000000000E+03  4.0000000000000000E+00
320 -6.0000000000000000E+02 1.0000000000000000E+03 -1.0000000000000000E+00
321 -5.0000000000000000E+02 1.0000000000000000E+03 -1.0000000000000000E+00
322 -4.0000000000000000E+02 1.0000000000000000E+03 -1.0000000000000000E+00
323 -3.0000000000000000E+02 1.0000000000000000E+03  4.0000000000000000E+00
324 -2.0000000000000000E+02 1.0000000000000000E+03  4.0000000000000000E+00
325 -1.0000000000000000E+02 1.0000000000000000E+03 -1.0000000000000000E+00
326  0.0000000000000000E+00 1.0000000000000000E+03 -1.0000000000000000E+00
327  1.0000000000000000E+02 1.0000000000000000E+03 -1.0000000000000000E+00
328  2.0000000000000000E+02 1.0000000000000000E+03  4.0000000000000000E+00
329  3.0000000000000000E+02 1.0000000000000000E+03  4.0000000000000000E+00
330  4.0000000000000000E+02 1.0000000000000000E+03 -1.0000000000000000E+00
331  5.0000000000000000E+02 1.0000000000000000E+03 -1.0000000000000000E+00
332  6.0000000000000000E+02 1.0000000000000000E+03 -1.0000000000000000E+00
333  7.0000000000000000E+02 1.0000000000000000E+03  4.0000000000000000E+00
334  8.0000000000000000E+02 1.0000000000000000E+03  4.0000000000000000E+00
335  9.0000000000000000E+02 1.0000000000000000E+03  4.0000000000000000E+00
336  1.0000000000000000E+03 1.0000000000000000E+03 -1.0000000000000000E+00
337  1.1000000000000000E+03 1.0000000000000000E+03 -1.0000000000000000E+00
338  1.2000000000000000E+03 1.0000000000000000E+03 -1.0000000000000000E+00
339  1.3000000000000000E+03 1.0000000000000000E+03 -1.0000000000000000E+00
340  1.4000000000000000E+03 1.0000000000000000E+03 -1.0000000000000000E+00
341  1.5000000000000000E+03 1.0000000000000000E+03 -1.0000000000000000E+00
342 -1.5000000000000000E+03 1.1000000000000000E+03 -1.0000000000000000E+00
343 -1.4000000000000000E+03 1.1000000000000000E+03 -1.0000000000000000E+00
344 -1.3000000000000000E+03 1.1000000000000000E+03  4.0000000000000000E+00
345 -1.2000000000000000E+03 1.1000000000000000E+03  4.0000000000000000E+00
346 -1.1000000000000000E+03 1.1000000000000000E+03  4.0000000000000000E+00
347 -1.0000000000000000E+03 1.1000000000000000E+03  4.0000000000000000E+00
348 -9.0000000000000000E+02 1.1000000000000000E+03  4.0000000000000000E+00
349 -8.0000000000000000E+02 1.1000000000000000E+03  4.0000000000000000E+00
350 -7.0000000000000000E+02 1.1000000000000000E+03  4.0000000000000000E+00
351 -6.0000000000000000E+02 1.1000000000000000E+03 -1.0000000000000000E+00
352 -5.0000000000000000E+02 1.1000000000000000E+03 -1.0000000000000000E+00
353 -4.0000000000000000E+02 1.1000000000000000E+03 -1.0000000000000000E+00
354 -3.0000000000000000E+02 1.1000000000000000E+03  4.0000000000000000E+00
355 -2.0000000000000000E+02 1.1000000000000000E+03  4.0000000000000000E+00
356 -1.0000000000000000E+02 1.1000000000000000E+03 -1.0000000000000000E+00
357  0.0000000000000000E+00 1.1000000000000000E+03 -1.0000000000000000E+00
358  1.0000000000000000E+02 1.1000000000000000E+03 -1.0000000000000000E+00
359  2.0000000000000000E+02 1.1000000000000000E+03  4.0000000000000000E+00
360  3.0000000000000000E+02 1.1000000000000000E+03  4.0000000000000000E+00
361  4.0000000000000000E+02 1.1000000000000000E+03 -1.0000000000000000E+00
362  5.0000000000000000E+02 1.1000000000000000E+03 -1.0000000000000000E+00
363  6.0000000000000000E+02 1.1000000000000000E+03 -1.0000000000000000E+00
364  7.0000000000000000E+02 1.1000000000000000E+03  4.0000000000000000E+00
365  8.0000000000000000E+02 1.1000000000000000E+03  4.0000000000000000E+00
366  9.0000000000000000E+02 1.1000000000000000E+03  4.0000000000000000E+00
367  1.0000000000000000E+03 1.1000000000000000E+03 -1.0000000000000000E+00
368  1.1000000000000000E+03 1.1000000000000000E+03 -1.0000000000000000E+00
369  1.2000000000000000E+03 1.1000000000000000E+03 -1.0000000000000000E+00
370  1.3000000000000000E+03 1.1000000000000000E+03  4.0000000000000000E+00
371  1.4000000000000000E+03 1.1000000000000000E+03 -1.0000000000000000E+00
372  1.5000000000000000E+03 1.1000000000000000E+03 -1.0000000000000000E+00
373 -1.5000000000000000E+03 1.2000000000000000E+03 -1.0000000000000000E+00
374 -1.4000000000000000E+03 1.2000000000000000E+03 -1.0000000000000000E+00
375 -1.3000000000000000E+03 1.2000000000000000E+03  4.0000000000000000E+00
376 -1.2000000000000000E+03 1.2000000000000000E+03  4.0000000000000000E+00
377 -1.1000000000000000E+03 1.2000000000000000E+03  4.0000000000000000E+00
378 -1.0000000000000000E+03 1.2000000000000000E+03 -1.0000000000000000E+00
379 -9.0000000000000000E+02 1.2000000000000000E+03  4.0000000000000000E+00
380 -8.0000000000000000E+02 1.2000000000000000E+03  4.0000000000000000E+00
381 -7.0000000000000000E+02 1.2000000000000000E+03  4.0000000000000000E+00
382 -6.0000000000000000E+02 1.2000000000000000E+03 -1.0000000000000000E+00
383 -5.0000000000000000E+02 1.2000000000000000E+03 -1.0000000000000000E+00
384 -4.0000000000000000E+02 1.2000000000000000E+03 -1.0000000000000000E+00
385 -3.0000000000000000E+02 1.2000000000000000E+03  4.0000000000000000E+00
386 -2.0000000000000000E+02 1.2000000000000000E+03  4.0000000000000000E+00
387 -1.0000000000000000E+02 1.2000000000000000E+03 -1.0000000000000000E+00
388  0.0000000000000000E+00 1.2000000000000000E+03 -1.0000000000000000E+00
389  1.0000000000000000E+02 1.2000000000000000E+03  4.0000000000000000E+00
390  2.0000000000000000E+02 1.2000000000000000E+03  4.0000000000000000E+00
391  3.0000000000000000E+02 1.2000000000000000E+03  4.0000000000000000E+00
392  4.0000000000000000E+02 1.2000000000000000E+03 -1.0000000000000000E+00
393  5.0000000000000000E+02 1.2000000000000000E+03 -1.0000000000000000E+00
394  6.0000000000000000E+02 1.2000000000000000E+03 -1.0000000000000000E+00
395  7.0000000000000000E+02 1.2000000000000000E+03  4.0000000000000000E+00
396  8.0000000000000000E+02 1.2000000000000000E+03  4.0000000000000000E+00
397  9.0000000000000000E+02 1.2000000000000000E+03  4.0000000000000000E+00
398  1.0000000000000000E+03 1.2000000000000000E+03 -1.0000000000000000E+00
399  1.1000000000000000E+03 1.2000000000000000E+03 -1.0000000000000000E+00
400  1.2000000000000000E+03 1.2000000000000000E+03  4.0000000000000000E+00
401  1.3000000000000000E+03 1.2000000000000000E+03  4.0000000000000000E+00
402  1.4000000000000000E+03 1.2000000000000000E+03 -1.0000000000000000E+00
403  1.5000000000000000E+03 1.2000000000000000E+03 -1.0000000000000000E+00
404 -1.5000000000000000E+03 1.3000000000000000E+03 -1.0000000000000000E+00
405 -1.4000000000000000E+03 1.3000000000000000E+03 -1.0000000000000000E+00
406 -1.3000000000000000E+03 1.3000000000000000E+03  4.0000000000000000E+00
407 -1.2000000000000000E+03 1.3000000000000000E+03  4.0000000000000000E+00
408 -1.1000000000000000E+03 1.3000000000000000E+03  4.0000000000000000E+00
409 -1.0000000000000000E+03 1.3000000000000000E+03  4.0000000000000000E+00
410 -9.0000000000000000E+02 1.3000000000000000E+03  4.0000000000000000E+00
411 -8.0000000000000000E+02 1.3000000000000000E+03  4.0000000000000000E+00
412 -7.0000000000000000E+02 1.3000000000000000E+03  4.0000000000000000E+00
413 -6.0000000000000000E+02 1.3000000000000000E+03 -1.0000000000000000E+00
414 -5.0000000000000000E+02 1.3000000000000000E+03 -1.0000000000000000E+00
415 -4.0000000000000000E+02 1.3000000000000000E+03 -1.0000000000000000E+00
416 -3.0000000000000000E+02 1.3000000000000000E+03  4.0000000000000000E+00
417 -2.0000000000000000E+02 1.3000000000000000E+03  4.0000000000000000E+00
418 -1.0000000000000000E+02 1.3000000000000000E+03  4.0000000000000000E+00
419  0.0000000000000000E+00 1.3000000000000000E+03  4.0000000000000000E+00
420  1.0000000000000000E+02 1.3000000000000000E+03  4.0000000000000000E+00
421  2.0000000000000000E+02 1.3000000000000000E+03  4.0000000000000000E+00
422  3.0000000000000000E+02 1.3000000000000000E+03 -1.0000000000000000E+00
423  4.0000000000000000E+02 1.3000000000000000E+03 -1.0000000000000000E+00
424  5.0000000000000000E+02 1.3000000000000000E+03 -1.0000000000000000E+00
425  6.0000000000000000E+02 1.3000000000000000E+03 -1.0000000000000000E+00
426  7.0000000000000000E+02 1.3000000000000000E+03  4.0000000000000000E+00
427  8.0000000000000000E+02 1.3000000000000000E+03  4.0000000000000000E+00
428  9.0000000000000000E+02 1.3000000000000000E+03  4.0000000000000000E+00
429  1.0000000000000000E+03 1.3000000000000000E+03  4.0000000000000000E+00
430  1.1000000000000000E+03 1.3000000000000000E+03  4.0000000000000000E+00
431  1.2000000000000000E+03 1.3000000000000000E+03  4.0000000000000000E+00
432  1.3000000000000000E+03 1.3000000000000000E+03  4.0000000000000000E+00
433  1.4000000000000000E+03 1.3000000000000000E+03 -1.0000000000000000E+00
434  1.5000000000000000E+03 1.3000000000000000E+03 -1.0000000000000000E+00
435 -1.5000000000000000E+03 1.4000000000000000E+03 -1.0000000000000000E+00
436 -1.4000000000000000E+03 1.4000000000000000E+03 -1.0000000000000000E+00
437 -1.3000000000000000E+03 1.4000000000000000E+03  4.0000000000000000E+00
438 -1.2000000000000000E+03 1.4000000000000000E+03  4.0000000000000000E+00
439 -1.1000000000000000E+03 1.4000000000000000E+03  4.0000000000000000E+00
440 -1.0000000000000000E+03 1.4000000000000000E+03  4.0000000000000000E+00
441 -9.0000000000000000E+02 1.4000000000000000E+03  4.0000000000000000E+00
442 -8.0000000000000000E+02 1.4000000000000000E+03  4.0000000000000000E+00
443 -7.0000000000000000E+02 1.4000000000000000E+03  4.0000000000000000E+00
444 -6.0000000000000000E+02 1.4000000000000000E+03 -1.0000000000000000E+00
445 -5.0000000000000000E+02 1.4000000000000000E+03 -1.0000000000000000E+00
446 -4.0000000000000000E+02 1.4000000000000000E+03 -1.0000000000000000E+00
447 -3.0000000000000000E+02 1.4000000000000000E+03  4.0000000000000000E+00
448 -2.0000000000000000E+02 1.4000000000000000E+03  4.0000000000000000E+00
449 -1.0000000000000000E+02 1.4000000000000000E+03  4.0000000000000000E+00
450  0.0000000000000000E+00 1.4000000000000000E+03  4.0000000000000000E+00
451  1.0000000000000000E+02 1.4000000000000000E+03  4.0000000000000000E+00
452  2.0000000000000000E+02 1.4000000000000000E+03 -1.0000000000000000E+00
453  3.0000000000000000E+02 1.4000000000000000E+03 -1.0000000000000000E+00
454  4.0000000000000000E+02 1.4000000000000000E+03 -1.0000000000000000E+00
455  5.0000000000000000E+02 1.4000000000000000E+03 -1.0000000000000000E+00
456  6.0000000000000000E+02 1.4000000000000000E+03 -1.0000000000000000E+00
457  7.0000000000000000E+02 1.4000000000000000E+03  4.0000000000000000E+00
458  8.0000000000000000E+02 1.4000000000000000E+03  4.0000000000000000E+00
459  9.0000000000000000E+02 1.4000000000000000E+03  4.0000000000000000E+00
460  1.0000000000000000E+03 1.4000000000000000E+03  4.0000000000000000E+00
461  1.1000000000000000E+03 1.4000000000000000E+03  4.0000000000000000E+00
462  1.2000000000000000E+03 1.4000000000000000E+03  4.0000000000000000E+00
463  1.3000000000000000E+03 1.4000000000000000E+03 -1.0000000000000000E+00
464  1.4000000000000000E+03 1.4000000000000000E+03 -1.0000000000000000E+00
465  1.5000000000000000E+03 1.4000000000000000E+03 -1.0000000000000000E+00
466 -1.5000000000000000E+03 1.5000000000000000E+03 -1.0000000000000000E+00
467 -1.4000000000000000E+03 1.5000000000000000E+03 -1.0000000000000000E+00
468 -1.3000000000000000E+03 1.5000000000000000E+03  4.0000000000000000E+00
469 -1.2000000000000000E+03 1.5000000000000000E+03  4.0000000000000000E+00
470 -1.1000000000000000E+03 1.5000000000000000E+03  4.0000000000000000E+00
471 -1.0000000000000000E+03 1.5000000000000000E+03  4.0000000000000000E+00
472 -9.0000000000000000E+02 1.5000000000000000E+03  4.0000000000000000E+00
473 -8.0000000000000000E+02 1.5000000000000000E+03  4.0000000000000000E+00
474 -7.0000000000000000E+02 1.5000000000000000E+03  4.0000000000000000E+00
475 -6.0000000000000000E+02 1.5000000000000000E+03 -1.0000000000000000E+00
476 -5.0000000000000000E+02 1.5000000000000000E+03 -1.0000000000000000E+00
477 -4.0000000000000000E+02 1.5000000000000000E+03 -1.0000000000000000E+00
478 -3.0000000000000000E+02 1.5000000000000000E+03  4.0000000000000000E+00
479 -2.0000000000000000E+02 1.5000000000000000E+03  4.0000000000000000E+00
480 -1.0000000000000000E+02 1.5000000000000000E+03  4.0000000000000000E+00
481  0.0000000000000000E+00 1.5000000000000000E+03  4.0000000000000000E+00
482  1.0000000000000000E+02 1.5000000000000000E+03 -1.0000000000000000E+00
483  2.0000000000000000E+02 1.5000000000000000E+03 -1.0000000000000000E+00
484  3.0000000000000000E+02 1.5000000000000000E+03 -1.0000000000000000E+00
485  4.0000000000000000E+02 1.5000000000000000E+03 -1.0000000000000000E+00
486  5.0000000000000000E+02 1.5000000000000000E+03 -1.0000000000000000E+00
487  6.0000000000000000E+02 1.5000000000000000E+03 -1.0000000000000000E+00
488  7.0000000000000000E+02 1.5000000000000000E+03 -1.0000000000000000E+00
489  8.0000000000000000E+02 1.5000000000000000E+03  4.0000000000000000E+00
490  9.0000000000000000E+02 1.5000000000000000E+03  4.0000000000000000E+00
491  1.0000000000000000E+03 1.5000000000000000E+03  4.0000000000000000E+00
492  1.1000000000000000E+03 1.5000000000000000E+03  4.0000000000000000E+00
493  1.2000000000000000E+03 1.5000000000000000E+03 -1.0000000000000000E+00
494  1.3000000000000000E+03 1.5000000000000000E+03 -1.0000000000000000E+00
495  1.4000000000000000E+03 1.5000000000000000E+03 -1.0000000000000000E+00
496  1.5000000000000000E+03 1.5000000000000000E+03 -1.0000000000000000E+00
497 -1.5000000000000000E+03 1.6000000000000000E+03 -1.0000000000000000E+00
498 -1.4000000000000000E+03 1.6000000000000000E+03 -1.0000000000000000E+00
499 -1.3000000000000000E+03 1.6000000000000000E+03 -1.0000000000000000E+00
500 -1.2000000000000000E+03 1.6000000000000000E+03 -1.0000000000000000E+00
501 -1.1000000000000000E+03 1.6000000000000000E+03 -1.0000000000000000E+00
502 -1.0000000000000000E+03 1.6000000000000000E+03 -1.0000000000000000E+00
503 -9.0000000000000000E+02 1.6000000000000000E+03 -1.0000000000000000E+00
504 -8.0000000000000000E+02 1.6000000000000000E+03 -1.0000000000000000E+00
505 -7.0000000000000000E+02 1.6000000000000000E+03 -1.0000000000000000E+00
506 -6.0000000000000000E+02 1.6000000000000000E+03 -1.0000000000000000E+00
507 -5.0000000000000000E+02 1.6000000000000000E+03 -1.0000000000000000E+00
508 -4.0000000000000000E+02 1.6000000000000000E+03 -1.0000000000000000E+00
509 -3.0000000000000000E+02 1.6000000000000000E+03 -1.0000000000000000E+00
510 -2.0000000000000000E+02 1.6000000000000000E+03 -1.0000000000000000E+00
511 -1.0000000000000000E+02 1.6000000000000000E+03 -1.0000000000000000E+00
512  0.0000000000000000E+00 1.6000000000000000E+03 -1.0000000000000000E+00
513  1.0000000000000000E+02 1.6000000000000000E+03 -1.0000000000000000E+00
514  2.0000000000000000E+02 1.6000000000000000E+03 -1.0000000000000000E+00
515  3.0000000000000000E+02 1.6000000000000000E+03 -1.0000000000000000E+00
516  4.0000000000000000E+02 1.6000000000000000E+03 -1.0000000000000000E+00
517  5.0000000000000000E+02 1.6000000000000000E+03 -1.0000000000000000E+00
518  6.0000000000000000E+02 1.6000000000000000E+03 -1.0000000000000000E+00
519  7.0000000000000000E+02 1.6000000000000000E+03 -1.0000000000000000E+00
520  8.0000000000000000E+02 1.6000000000000000E+03 -1.0000000000000000E+00
521  9.0000000000000000E+02 1.6000000000000000E+03 -1.0000000000000000E+00
522  1.0000000000000000E+03 1.6000000000000000E+03 -1.0000000000000000E+00
523  1.1000000000000000E+03 1.6000000000000000E+03 -1.0000000000000000E+00
524  1.2000000000000000E+03 1.6000000000000000E+03 -1.0000000000000000E+00
525  1.3000000000000000E+03 1.6000000000000000E+03 -1.0000000000000000E+00
526  1.4000000000000000E+03 1.6000000000000000E+03 -1.0000000000000000E+00
527  1.5000000000000000E+03 1.6000000000000000E+03 -1.0000000000000000E+00
528 -1.5000000000000000E+03 1.7000000000000000E+03 -1.0000000000000000E+00
529 -1.4000000000000000E+03 1.7000000000000000E+03 -1.0000000000000000E+00
530 -1.3000000000000000E+03 1.7000000000000000E+03 -1.0000000000000000E+00
531 -1.2000000000000000E+03 1.7000000000000000E+03 -1.0000000000000000E+00
532 -1.1000000000000000E+03 1.7000000000000000E+03 -1.0000000000000000E+00
533 -1.0000000000000000E+03 1.7000000000000000E+03 -1.0000000000000000E+00
534 -9.0000000000000000E+02 1.7000000000000000E+03 -1.0000000000000000E+00
535 -8.0000000000000000E+02 1.7000000000000000E+03 -1.0000000000000000E+00
536 -7.0000000000000000E+02 1.7000000000000000E+03 -1.0000000000000000E+00
537 -6.0000000000000000E+02 1.7000000000000000E+03 -1.0000000000000000E+00
538 -5.0000000000000000E+02 1.7000000000000000E+03 -1.0000000000000000E+00
539 -4.0000000000000000E+02 1.7000000000000000E+03 -1.0000000000000000E+00
540 -3.0000000000000000E+02 1.7000000000000000E+03 -1.0000000000000000E+00
541 -2.0000000000000000E+02 1.7000000000000000E+03 -1.0000000000000000E+00
542 -1.0000000000000000E+02 1.7000000000000000E+03 -1.0000000000000000E+00
543  0.0000000000000000E+00 1.7000000000000000E+03 -1.0000000000000000E+00
544  1.0000000000000000E+02 1.7000000000000000E+03 -1.0000000000000000E+00
545  2.0000000000000000E+02 1.7000000000000000E+03 -1.0000000000000000E+00
546  3.0000000000000000E+02 1.7000000000000000E+03 -1.0000000000000000E+00
547  4.0000000000000000E+02 1.7000000000000000E+03 -1.0000000000000000E+00
548  5.0000000000000000E+02 1.7000000000000000E+03 -1.0000000000000000E+00
549  6.0000000000000000E+02 1.7000000000000000E+03 -1.0000000000000000E+00
550  7.0000000000000000E+02 1.7000000000000000E+03 -1.0000000000000000E+00
551  8.0000000000000000E+02 1.7000000000000000E+03 -1.0000000000000000E+00
552  9.0000000000000000E+02 1.7000000000000000E+03 -1.0000000000000000E+00
553  1.0000000000000000E+03 1.7000000000000000E+03 -1.0000000000000000E+00
554  1.1000000000000000E+03 1.7000000000000000E+03 -1.0000000000000000E+00
555  1.2000000000000000E+03 1.7000000000000000E+03 -1.0000000000000000E+00
556  1.3000000000000000E+03 1.7000000000000000E+03 -1.0000000000000000E+00
557  1.4000000000000000E+03 1.7000000000000000E+03 -1.0000000000000000E+00
558  1.5000000000000000E+03 1.7000000000000000E+03 -1.0000000000000000E+00
559 -1.5000000000000000E+03 1.8000000000000000E+03 -1.0000000000000000E+00
560 -1.4000000000000000E+03 1.8000000000000000E+03 -1.0000000000000000E+00
561 -1.3000000000000000E+03 1.8000000000000000E+03 -1.0000000000000000E+00
562 -1.2000000000000000E+03 1.8000000000000000E+03 -1.0000000000000000E+00
563 -1.1000000000000000E+03 1.8000000000000000E+03 -1.0000000000000000E+00
564 -1.0000000000000000E+03 1.8000000000000000E+03 -1.0000000000000000E+00
565 -9.0000000000000000E+02 1.8000000000000000E+03 -1.0000000000000000E+00
566 -8.0000000000000000E+02 1.8000000000000000E+03 -1.0000000000000000E+00
567 -7.0000000000000000E+02 1.8000000000000000E+03 -1.0000000000000000E+00
568 -6.0000000000000000E+02 1.8000000000000000E+03 -1.0000000000000000E+00
569 -5.0000000000000000E+02 1.8000000000000000E+03 -1.0000000000000000E+00
570 -4.0000000000000000E+02 1.8000000000000000E+03 -1.0000000000000000E+00
571 -3.0000000000000000E+02 1.8000000000000000E+03 -1.0000000000000000E+00
572 -2.0000000000000000E+02 1.8000000000000000E+03 -1.0000000000000000E+00
573 -1.0000000000000000E+02 1.8000000000000000E+03 -1.0000000000000000E+00
574  0.0000000000000000E+00 1.8000000000000000E+03 -1.0000000000000000E+00
575  1.0000000000000000E+02 1.8000000000000000E+03 -1.0000000000000000E+00
576  2.0000000000000000E+02 1.8000000000000000E+03 -1.0000000000000000E+00
577  3.0000000000000000E+02 1.8000000000000000E+03 -1.0000000000000000E+00
578  4.0000000000000000E+02 1.8000000000000000E+03 -1.0000000000000000E+00
579  5.0000000000000000E+02 1.8000000000000000E+03 -1.0000000000000000E+00
580  6.0000000000000000E+02 1.8000000000000000E+03 -1.0000000000000000E+00
581  7.0000000000000000E+02 1.8000000000000000E+03 -1.0000000000000000E+00
582  8.0000000000000000E+02 1.8000000000000000E+03 -1.0000000000000000E+00
583  9.0000000000000000E+02 1.8000000000000000E+03 -1.0000000000000000E+00
584  1.0000000000000000E+03 1.8000000000000000E+03 -1.0000000000000000E+00
585  1.1000000000000000E+03 1.8000000000000000E+03 -1.0000000000000000E+00
586  1.2000000000000000E+03 1.8000000000000000E+03 -1.0000000000000000E+00
587  1.3000000000000000E+03 1.8000000000000000E+03 -1.0000000000000000E+00
588  1.4000000000000000E+03 1.8000000000000000E+03 -1.0000000000000000E+00
589  1.5000000000000000E+03 1.8000000000000000E+03 -1.0000000000000000E+00
590 -1.5000000000000000E+03 1.9000000000000000E+03 -1.0000000000000000E+00
591 -1.4000000000000000E+03 1.9000000000000000E+03 -1.0000000000000000E+00
592 -1.3000000000000000E+03 1.9000000000000000E+03 -1.0000000000000000E+00
593 -1.2000000000000000E+03 1.9000000000000000E+03 -1.0000000000000000E+00
594 -1.1000000000000000E+03 1.9000000000000000E+03 -1.0000000000000000E+00
595 -1.0000000000000000E+03 1.9000000000000000E+03 -1.0000000000000000E+00
596 -9.0000000000000000E+02 1.9000000000000000E+03 -1.0000000000000000E+00
597 -8.0000000000000000E+02 1.9000000000000000E+03 -1.0000000000000000E+00
598 -7.0000000000000000E+02 1.9000000000000000E+03 -1.0000000000000000E+00
599 -6.0000000000000000E+02 1.9000000000000000E+03 -1.0000000000000000E+00
600 -5.0000000000000000E+02 1.9000000000000000E+03 -1.0000000000000000E+00
601 -4.0000000000000000E+02 1.9000000000000000E+03 -1.0000000000000000E+00
602 -3.0000000000000000E+02 1.9000000000000000E+03 -1.0000000000000000E+00
603 -2.0000000000000000E+02 1.9000000000000000E+03 -1.0000000000000000E+00
604 -1.0000000000000000E+02 1.9000000000000000E+03 -1.0000000000000000E+00
605  0.0000000000000000E+00 1.9000000000000000E+03 -1.0000000000000000E+00
606  1.0000000000000000E+02 1.9000000000000000E+03 -1.0000000000000000E+00
607  2.0000000000000000E+02 1.9000000000000000E+03 -1.0000000000000000E+00
608  3.0000000000000000E+02 1.9000000000000000E+03 -1.0000000000000000E+00
609  4.0000000000000000E+02 1.9000000000000000E+03 -1.0000000000000000E+00
610  5.0000000000000000E+02 1.9000000000000000E+03 -1.0000000000000000E+00
611  6.0000000000000000E+02 1.9000000000000000E+03 -1.0000000000000000E+00
612  7.0000000000000000E+02 1.9000000000000000E+03 -1.0000000000000000E+00
613  8.0000000000000000E+02 1.9000000000000000E+03 -1.0000000000000000E+00
614  9.0000000000000000E+02 1.9000000000000000E+03 -1.0000000000000000E+00
615  1.0000000000000000E+03 1.9000000000000000E+03 -1.0000000000000000E+00
616  1.1000000000000000E+03 1.9000000000000000E+03 -1.0000000000000000E+00
617  1.2000000000000000E+03 1.9000000000000000E+03 -1.0000000000000000E+00
618  1.3000000000000000E+03 1.9000000000000000E+03 -1.0000000000000000E+00
619  1.4000000000000000E+03 1.9000000000000000E+03 -1.0000000000000000E+00
620  1.5000000000000000E+03 1.9000000000000000E+03 -1.0000000000000000E+00
621 -1.5000000000000000E+03 2.0000000000000000E+03 -1.0000000000000000E+00
622 -1.4000000000000000E+03 2.0000000000000000E+03 -1.0000000000000000E+00
623 -1.3000000000000000E+03 2.0000000000000000E+03 -1.0000000000000000E+00
624 -1.2000000000000000E+03 2.0000000000000000E+03 -1.0000000000000000E+00
625 -1.1000000000000000E+03 2.0000000000000000E+03 -1.0000000000000000E+00
626 -1.0000000000000000E+03 2.0000000000000000E+03 -1.0000000000000000E+00
627 -9.0000000000000000E+02 2.0000000000000000E+03 -1.0000000000000000E+00
628 -8.0000000000000000E+02 2.0000000000000000E+03 -1.0000000000000000E+00
629 -7.0000000000000000E+02 2.0000000000000000E+03 -1.0000000000000000E+00
630 -6.0000000000000000E+02 2.0000000000000000E+03 -1.0000000000000000E+00
631 -5.0000000000000000E+02 2.0000000000000000E+03 -1.0000000000000000E+00
632 -4.0000000000000000E+02 2.0000000000000000E+03 -1.0000000000000000E+00
633 -3.0000000000000000E+02 2.0000000000000000E+03 -1.0000000000000000E+00
634 -2.0000000000000000E+02 2.0000000000000000E+03 -1.0000000000000000E+00
635 -1.0000000000000000E+02 2.0000000000000000E+03 -1.0000000000000000E+00
636  0.0000000000000000E+00 2.0000000000000000E+03 -1.0000000000000000E+00
637  1.0000000000000000E+02 2.0000000000000000E+03 -1.0000000000000000E+00
638  2.0000000000000000E+02 2.0000000000000000E+03 -1.0000000000000000E+00
639  3.0000000000000000E+02 2.0000000000000000E+03 -1.0000000000000000E+00
640  4.0000000000000000E+02 2.0000000000000000E+03 -1.0000000000000000E+00
641  5.0000000000000000E+02 2.0000000000000000E+03 -1.0000000000000000E+00
642  6.0000000000000000E+02 2.0000000000000000E+03 -1.0000000000000000E+00
643  7.0000000000000000E+02 2.0000000000000000E+03 -1.0000000000000000E+00
644  8.0000000000000000E+02 2.0000000000000000E+03 -1.0000000000000000E+00
645  9.0000000000000000E+02 2.0000000000000000E+03 -1.0000000000000000E+00
646  1.0000000000000000E+03 2.0000000000000000E+03 -1.0000000000000000E+00
647  1.1000000000000000E+03 2.0000000000000000E+03 -1.0000000000000000E+00
648  1.2000000000000000E+03 2.0000000000000000E+03 -1.0000000000000000E+00
649  1.3000000000000000E+03 2.0000000000000000E+03 -1.0000000000000000E+00
650  1.4000000000000000E+03 2.0000000000000000E+03 -1.0000000000000000E+00
651  1.5000000000000000E+03 2.0000000000000000E+03 -1.0000000000000000E+00
1     3    2   32    1      
2     3   33    2    3      
3     3    3    4   34      
4     3   35    4    5      
5     3    6   36    5      
6     3   37    6    7      
7     3    8   38    7      
8     3    8    9   39      
9     3   40    9   10      
10    3   11   41   10      
11    3   42   11   12      
12    3   13   43   12      
13    3   14   44   13      
14    3   14   15   45      
15    3   46   15   16      
16    3   16   17   47      
17    3   18   48   17      
18    3   49   18   19      
19    3   20   50   19      
20    3   51   20   21      
21    3   22   52   21      
22    3   53   22   23      
23    3   24   54   23      
24    3   55   24   25      
25    3   26   56   25      
26    3   57   26   27      
27    3   28   58   27      
28    3   59   28   29      
29    3   30   60   29      
30    3   61   30   31      
31    3   32    2   33      
32    3   33    3   34      
33    3    4   35   34      
34    3   36   35    5      
35    3    6   37   36      
36    3   38   37    7      
37    3   38    8   39      
38    3    9   40   39      
39    3   41   40   10      
40    3   11   42   41      
41    3   43   42   12      
42    3   44   43   13      
43    3   44   14   45      
44    3   15   46   45      
45    3   46   16   47      
46    3   17   48   47      
47    3   48   18   49      
48    3   50   49   19      
49    3   50   20   51      
50    3   52   51   21      
51    3   52   22   53      
52    3   54   53   23      
53    3   54   24   55      
54    3   56   55   25      
55    3   56   26   57      
56    3   58   57   27      
57    3   59   58   28      
58    3   60   59   29      
59    3   60   30   61      
60    3   62   61   31      
61    3   63   32   33      
62    3   64   33   34      
63    3   35   65   34      
64    3   35   36   66      
65    3   37   67   36      
66    3   37   38   68      
67    3   69   38   39      
68    3   40   70   39      
69    3   40   41   71      
70    3   42   72   41      
71    3   42   43   73      
72    3   43   44   74      
73    3   44   45   75      
74    3   46   76   45      
75    3   77   46   47      
76    3   48   78   47      
77    3   79   48   49      
78    3   50   80   49      
79    3   81   50   51      
80    3   82   51   52      
81    3   83   52   53      
82    3   53   54   84      
83    3   85   54   55      
84    3   55   56   86      
85    3   87   56   57      
86    3   58   88   57      
87    3   58   59   89      
88    3   90   59   60      
89    3   91   60   61      
90    3   62   92   61      
91    3   64   63   33      
92    3   65   64   34      
93    3   65   35   66      
94    3   36   67   66      
95    3   67   37   68      
96    3   38   69   68      
97    3   70   69   39      
98    3   70   40   71      
99    3   41   72   71      
100   3   72   42   73      
101   3   43   74   73      
102   3   74   44   75      
103   3   45   76   75      
104   3   77   76   46      
105   3   78   77   47      
106   3   79   78   48      
107   3   80   79   49      
108   3   50   81   80      
109   3   82   81   51      
110   3   83   82   52      
111   3   83   53   84      
112   3   54   85   84      
113   3   85   55   86      
114   3   56   87   86      
115   3   88   87   57      
116   3   88   58   89      
117   3   59   90   89      
118   3   91   90   60      
119   3   92   91   61      
120   3   92   62   93      
121   3   63   64   94      
122   3   65   95   64      
123   3   96   65   66      
124   3   67   97   66      
125   3   98   67   68      
126   3   69   99   68      
127   3  100   69   70      
128   3  101   70   71      
129   3   72  102   71      
130   3  103   72   73      
131   3   74  104   73      
132   3  105   74   75      
133   3   76  106   75      
134   3   76   77  107      
135   3   77   78  108      
136   3   79  109   78      
137   3  110   79   80      
138   3   81  111   80      
139   3   81   82  112      
140   3   82   83  113      
141   3  114   83   84      
142   3   85  115   84      
143   3  116   85   86      
144   3   87  117   86      
145   3  118   87   88      
146   3   88   89  119      
147   3   90  120   89      
148   3   90   91  121      
149   3   91   92  122      
150   3   92   93  123      
151   3   64   95   94      
152   3   96   95   65      
153   3   97   96   66      
154   3   97   67   98      
155   3   99   98   68      
156   3   69  100   99      
157   3  101  100   70      
158   3  102  101   71      
159   3  103  102   72      
160   3  104  103   73      
161   3  104   74  105      
162   3  106  105   75      
163   3  106   76  107      
164   3   77  108  107      
165   3   78  109  108      
166   3  110  109   79      
167   3  111  110   80      
168   3  111   81  112      
169   3  112   82  113      
170   3   83  114  113      
171   3  115  114   84      
172   3  115   85  116      
173   3  117  116   86      
174   3  117   87  118      
175   3  118   88  119      
176   3   89  120  119      
177   3  120   90  121      
178   3   91  122  121      
179   3  122   92  123      
180   3   93  124  123      
181   3   95  125   94      
182   3   95   96  126      
183   3   96   97  127      
184   3  128   97   98      
185   3   99  129   98      
186   3  100  130   99      
187   3  100  101  131      
188   3  101  102  132      
189   3  102  103  133      
190   3  134  103  104      
191   3  104  105  135      
192   3  105  106  136      
193   3  137  106  107      
194   3  108  138  107      
195   3  109  139  108      
196   3  110  140  109      
197   3  141  110  111      
198   3  142  111  112      
199   3  143  112  113      
200   3  114  144  113      
201   3  115  145  114      
202   3  146  115  116      
203   3  117  147  116      
204   3  117  118  148      
205   3  149  118  119      
206   3  120  150  119      
207   3  151  120  121      
208   3  122  152  121      
209   3  153  122  123      
210   3  124  154  123      
211   3  125   95  126      
212   3   96  127  126      
213   3   97  128  127      
214   3  129  128   98      
215   3  130  129   99      
216   3  130  100  131      
217   3  101  132  131      
218   3  132  102  133      
219   3  103  134  133      
220   3  134  104  135      
221   3  105  136  135      
222   3  106  137  136      
223   3  138  137  107      
224   3  139  138  108      
225   3  140  139  109      
226   3  110  141  140      
227   3  141  111  142      
228   3  143  142  112      
229   3  144  143  113      
230   3  145  144  114      
231   3  145  115  146      
232   3  147  146  116      
233   3  147  117  148      
234   3  118  149  148      
235   3  150  149  119      
236   3  151  150  120      
237   3  152  151  121      
238   3  153  152  122      
239   3  154  153  123      
240   3  154  124  155      
241   3  125  126  156      
242   3  126  127  157      
243   3  127  128  158      
244   3  128  129  159      
245   3  130  160  129      
246   3  161  130  131      
247   3  132  162  131      
248   3  132  133  163      
249   3  134  164  133      
250   3  165  134  135      
251   3  136  166  135      
252   3  137  167  136      
253   3  137  138  168      
254   3  139  169  138      
255   3  139  140  170      
256   3  141  171  140      
257   3  172  141  142      
258   3  142  143  173      
259   3  174  143  144      
260   3  145  175  144      
261   3  145  146  176      
262   3  146  147  177      
263   3  178  147  148      
264   3  149  179  148      
265   3  150  180  149      
266   3  150  151  181      
267   3  152  182  151      
268   3  183  152  153      
269   3  153  154  184      
270   3  185  154  155      
271   3  126  157  156      
272   3  157  127  158      
273   3  128  159  158      
274   3  129  160  159      
275   3  160  130  161      
276   3  162  161  131      
277   3  162  132  163      
278   3  133  164  163      
279   3  134  165  164      
280   3  166  165  135      
281   3  167  166  136      
282   3  167  137  168      
283   3  138  169  168      
284   3  139  170  169      
285   3  140  171  170      
286   3  171  141  172      
287   3  172  142  173      
288   3  143  174  173      
289   3  175  174  144      
290   3  175  145  176      
291   3  176  146  177      
292   3  147  178  177      
293   3  179  178  148      
294   3  180  179  149      
295   3  180  150  181      
296   3  151  182  181      
297   3  183  182  152      
298   3  183  153  184      
299   3  154  185  184      
300   3  185  155  186      
301   3  157  187  156      
302   3  188  157  158      
303   3  159  189  158      
304   3  159  160  190      
305   3  160  161  191      
306   3  192  161  162      
307   3  193  162  163      
308   3  163  164  194      
309   3  164  165  195      
310   3  165  166  196      
311   3  166  167  197      
312   3  198  167  168      
313   3  169  199  168      
314   3  170  200  169      
315   3  170  171  201      
316   3  171  172  202      
317   3  203  172  173      
318   3  174  204  173      
319   3  174  175  205      
320   3  206  175  176      
321   3  207  176  177      
322   3  178  208  177      
323   3  178  179  209      
324   3  210  179  180      
325   3  211  180  181      
326   3  182  212  181      
327   3  182  183  213      
328   3  214  183  184      
329   3  184  185  215      
330   3  216  185  186      
331   3  188  187  157      
332   3  189  188  158      
333   3  159  190  189      
334   3  160  191  190      
335   3  161  192  191      
336   3  192  162  193      
337   3  193  163  194      
338   3  164  195  194      
339   3  165  196  195      
340   3  196  166  197      
341   3  167  198  197      
342   3  199  198  168      
343   3  169  200  199      
344   3  200  170  201      
345   3  171  202  201      
346   3  202  172  203      
347   3  204  203  173      
348   3  204  174  205      
349   3  175  206  205      
350   3  207  206  176      
351   3  208  207  177      
352   3  208  178  209      
353   3  179  210  209      
354   3  211  210  180      
355   3  212  211  181      
356   3  182  213  212      
357   3  213  183  214      
358   3  214  184  215      
359   3  185  216  215      
360   3  217  216  186      
361   3  187  188  218      
362   3  219  188  189      
363   3  189  190  220      
364   3  191  221  190      
365   3  191  192  222      
366   3  223  192  193      
367   3  224  193  194      
368   3  195  225  194      
369   3  196  226  195      
370   3  227  196  197      
371   3  198  228  197      
372   3  229  198  199      
373   3  200  230  199      
374   3  231  200  201      
375   3  202  232  201      
376   3  202  203  233      
377   3  203  204  234      
378   3  235  204  205      
379   3  206  236  205      
380   3  237  206  207      
381   3  207  208  238      
382   3  239  208  209      
383   3  210  240  209      
384   3  210  211  241      
385   3  242  211  212      
386   3  213  243  212      
387   3  213  214  244      
388   3  245  214  215      
389   3  216  246  215      
390   3  216  217  247      
391   3  188  219  218      
392   3  219  189  220      
393   3  190  221  220      
394   3  221  191  222      
395   3  192  223  222      
396   3  224  223  193      
397   3  225  224  194      
398   3  226  225  195      
399   3  227  226  196      
400   3  228  227  197      
401   3  228  198  229      
402   3  230  229  199      
403   3  230  200  231      
404   3  232  231  201      
405   3  232  202  233      
406   3  233  203  234      
407   3  204  235  234      
408   3  236  235  205      
409   3  206  237  236      
410   3  237  207  238      
411   3  208  239  238      
412   3  240  239  209      
413   3  240  210  241      
414   3  211  242  241      
415   3  243  242  212      
416   3  243  213  244      
417   3  214  245  244      
418   3  246  245  215      
419   3  246  216  247      
420   3  247  217  248      
421   3  219  249  218      
422   3  250  219  220      
423   3  221  251  220      
424   3  252  221  222      
425   3  223  253  222      
426   3  223  224  254      
427   3  224  225  255      
428   3  225  226  256      
429   3  226  227  257      
430   3  227  228  258      
431   3  259  228  229      
432   3  229  230  260      
433   3  230  231  261      
434   3  232  262  231      
435   3  263  232  233      
436   3  264  233  234      
437   3  235  265  234      
438   3  236  266  235      
439   3  236  237  267      
440   3  237  238  268      
441   3  239  269  238      
442   3  240  270  239      
443   3  240  241  271      
444   3  242  272  241      
445   3  273  242  243      
446   3  274  243  244      
447   3  245  275  244      
448   3  246  276  245      
449   3  277  246  247      
450   3  247  248  278      
451   3  250  249  219      
452   3  251  250  220      
453   3  251  221  252      
454   3  253  252  222      
455   3  223  254  253      
456   3  254  224  255      
457   3  255  225  256      
458   3  256  226  257      
459   3  227  258  257      
460   3  228  259  258      
461   3  259  229  260      
462   3  260  230  261      
463   3  231  262  261      
464   3  263  262  232      
465   3  264  263  233      
466   3  265  264  234      
467   3  235  266  265      
468   3  266  236  267      
469   3  237  268  267      
470   3  238  269  268      
471   3  270  269  239      
472   3  270  240  271      
473   3  241  272  271      
474   3  242  273  272      
475   3  273  243  274      
476   3  275  274  244      
477   3  276  275  245      
478   3  276  246  277      
479   3  277  247  278      
480   3  248  279  278      
481   3  249  250  280      
482   3  250  251  281      
483   3  282  251  252      
484   3  252  253  283      
485   3  254  284  253      
486   3  254  255  285      
487   3  286  255  256      
488   3  287  256  257      
489   3  258  288  257      
490   3  259  289  258      
491   3  290  259  260      
492   3  291  260  261      
493   3  261  262  292      
494   3  293  262  263      
495   3  294  263  264      
496   3  295  264  265      
497   3  265  266  296      
498   3  297  266  267      
499   3  268  298  267      
500   3  269  299  268      
501   3  269  270  300      
502   3  301  270  271      
503   3  272  302  271      
504   3  272  273  303      
505   3  273  274  304      
506   3  274  275  305      
507   3  276  306  275      
508   3  307  276  277      
509   3  308  277  278      
510   3  279  309  278      
511   3  250  281  280      
512   3  251  282  281      
513   3  282  252  283      
514   3  253  284  283      
515   3  284  254  285      
516   3  255  286  285      
517   3  287  286  256      
518   3  288  287  257      
519   3  289  288  258      
520   3  259  290  289      
521   3  291  290  260      
522   3  291  261  292      
523   3  262  293  292      
524   3  294  293  263      
525   3  295  294  264      
526   3  295  265  296      
527   3  266  297  296      
528   3  298  297  267      
529   3  299  298  268      
530   3  299  269  300      
531   3  270  301  300      
532   3  302  301  271      
533   3  302  272  303      
534   3  273  304  303      
535   3  304  274  305      
536   3  275  306  305      
537   3  306  276  307      
538   3  307  277  308      
539   3  309  308  278      
540   3  279  310  309      
541   3  281  311  280      
542   3  282  312  281      
543   3  313  282  283      
544   3  284  314  283      
545   3  315  284  285      
546   3  286  316  285      
547   3  286  287  317      
548   3  318  287  288      
549   3  319  288  289      
550   3  290  320  289      
551   3  290  291  321      
552   3  322  291  292      
553   3  293  323  292      
554   3  293  294  324      
555   3  325  294  295      
556   3  326  295  296      
557   3  297  327  296      
558   3  328  297  298      
559   3  298  299  329      
560   3  330  299  300      
561   3  301  331  300      
562   3  301  302  332      
563   3  333  302  303      
564   3  304  334  303      
565   3  304  305  335      
566   3  306  336  305      
567   3  306  307  337      
568   3  307  308  338      
569   3  339  308  309      
570   3  310  340  309      
571   3  312  311  281      
572   3  312  282  313      
573   3  314  313  283      
574   3  314  284  315      
575   3  316  315  285      
576   3  316  286  317      
577   3  287  318  317      
578   3  319  318  288      
579   3  320  319  289      
580   3  320  290  321      
581   3  291  322  321      
582   3  323  322  292      
583   3  323  293  324      
584   3  294  325  324      
585   3  326  325  295      
586   3  327  326  296      
587   3  297  328  327      
588   3  328  298  329      
589   3  299  330  329      
590   3  331  330  300      
591   3  331  301  332      
592   3  302  333  332      
593   3  334  333  303      
594   3  334  304  335      
595   3  305  336  335      
596   3  336  306  337      
597   3  337  307  338      
598   3  308  339  338      
599   3  340  339  309      
600   3  340  310  341      
601   3  311  312  342      
602   3  343  312  313      
603   3  314  344  313      
604   3  345  314  315      
605   3  316  346  315      
606   3  347  316  317      
607   3  318  348  317      
608   3  318  319  349      
609   3  320  350  319      
610   3  351  320  321      
611   3  322  352  321      
612   3  322  323  353      
613   3  354  323  324      
614   3  325  355  324      
615   3  356  325  326      
616   3  357  326  327      
617   3  327  328  358      
618   3  359  328  329      
619   3  330  360  329      
620   3  330  331  361      
621   3  362  331  332      
622   3  333  363  332      
623   3  364  333  334      
624   3  365  334  335      
625   3  336  366  335      
626   3  336  337  367      
627   3  368  337  338      
628   3  339  369  338      
629   3  340  370  339      
630   3  371  340  341      
631   3  312  343  342      
632   3  344  343  313      
633   3  345  344  314      
634   3  346  345  315      
635   3  316  347  346      
636   3  348  347  317      
637   3  348  318  349      
638   3  319  350  349      
639   3  350  320  351      
640   3  352  351  321      
641   3  352  322  353      
642   3  323  354  353      
643   3  355  354  324      
644   3  325  356  355      
645   3  356  326  357      
646   3  357  327  358      
647   3  328  359  358      
648   3  360  359  329      
649   3  360  330  361      
650   3  331  362  361      
651   3  363  362  332      
652   3  333  364  363      
653   3  365  364  334      
654   3  366  365  335      
655   3  366  336  367      
656   3  337  368  367      
657   3  369  368  338      
658   3  370  369  339      
659   3  370  340  371      
660   3  372  371  341      
661   3  343  373  342      
662   3  344  374  343      
663   3  344  345  375      
664   3  345  346  376      
665   3  346  347  377      
666   3  347  348  378      
667   3  379  348  349      
668   3  350  380  349      
669   3  381  350  351      
670   3  352  382  351      
671   3  383  352  353      
672   3  354  384  353      
673   3  354  355  385      
674   3  355  356  386      
675   3  356  357  387      
676   3  388  357  358      
677   3  359  389  358      
678   3  359  360  390      
679   3  391  360  361      
680   3  362  392  361      
681   3  362  363  393      
682   3  363  364  394      
683   3  364  365  395      
684   3  396  365  366      
685   3  397  366  367      
686   3  368  398  367      
687   3  369  399  368      
688   3  400  369  370      
689   3  401  370  371      
690   3  372  402  371      
691   3  374  373  343      
692   3  374  344  375      
693   3  345  376  375      
694   3  376  346  377      
695   3  347  378  377      
696   3  378  348  379      
697   3  380  379  349      
698   3  350  381  380      
699   3  382  381  351      
700   3  382  352  383      
701   3  384  383  353      
702   3  384  354  385      
703   3  385  355  386      
704   3  356  387  386      
705   3  357  388  387      
706   3  389  388  358      
707   3  389  359  390      
708   3  360  391  390      
709   3  392  391  361      
710   3  392  362  393      
711   3  393  363  394      
712   3  364  395  394      
713   3  365  396  395      
714   3  397  396  366      
715   3  398  397  367      
716   3  368  399  398      
717   3  369  400  399      
718   3  400  370  401      
719   3  402  401  371      
720   3  402  372  403      
721   3  373  374  404      
722   3  405  374  375      
723   3  376  406  375      
724   3  407  376  377      
725   3  378  408  377      
726   3  409  378  379      
727   3  380  410  379      
728   3  380  381  411      
729   3  381  382  412      
730   3  413  382  383      
731   3  383  384  414      
732   3  384  385  415      
733   3  416  385  386      
734   3  387  417  386      
735   3  388  418  387      
736   3  419  388  389      
737   3  420  389  390      
738   3  391  421  390      
739   3  392  422  391      
740   3  392  393  423      
741   3  424  393  394      
742   3  395  425  394      
743   3  396  426  395      
744   3  396  397  427      
745   3  428  397  398      
746   3  398  399  429      
747   3  399  400  430      
748   3  400  401  431      
749   3  401  402  432      
750   3  433  402  403      
751   3  374  405  404      
752   3  406  405  375      
753   3  407  406  376      
754   3  408  407  377      
755   3  408  378  409      
756   3  410  409  379      
757   3  410  380  411      
758   3  381  412  411      
759   3  382  413  412      
760   3  413  383  414      
761   3  414  384  415      
762   3  385  416  415      
763   3  417  416  386      
764   3  418  417  387      
765   3  418  388  419      
766   3  419  389  420      
767   3  421  420  390      
768   3  422  421  391      
769   3  422  392  423      
770   3  393  424  423      
771   3  425  424  394      
772   3  426  425  395      
773   3  426  396  427      
774   3  397  428  427      
775   3  428  398  429      
776   3  399  430  429      
777   3  430  400  431      
778   3  401  432  431      
779   3  402  433  432      
780   3  434  433  403      
781   3  405  435  404      
782   3  406  436  405      
783   3  406  407  437      
784   3  407  408  438      
785   3  408  409  439      
786   3  409  410  440      
787   3  441  410  411      
788   3  412  442  411      
789   3  412  413  443      
790   3  444  413  414      
791   3  445  414  415      
792   3  416  446  415      
793   3  447  416  417      
794   3  418  448  417      
795   3  418  419  449      
796   3  419  420  450      
797   3  420  421  451      
798   3  452  421  422      
799   3  422  423  453      
800   3  424  454  423      
801   3  424  425  455      
802   3  425  426  456      
803   3  457  426  427      
804   3  428  458  427      
805   3  459  428  429      
806   3  430  460  429      
807   3  461  430  431      
808   3  432  462  431      
809   3  433  463  432      
810   3  433  434  464      
811   3  436  435  405      
812   3  436  406  437      
813   3  407  438  437      
814   3  438  408  439      
815   3  409  440  439      
816   3  410  441  440      
817   3  442  441  411      
818   3  442  412  443      
819   3  413  444  443      
820   3  445  444  414      
821   3  446  445  415      
822   3  447  446  416      
823   3  448  447  417      
824   3  448  418  449      
825   3  449  419  450      
826   3  420  451  450      
827   3  421  452  451      
828   3  452  422  453      
829   3  423  454  453      
830   3  454  424  455      
831   3  455  425  456      
832   3  426  457  456      
833   3  458  457  427      
834   3  459  458  428      
835   3  460  459  429      
836   3  461  460  430      
837   3  462  461  431      
838   3  463  462  432      
839   3  463  433  464      
840   3  434  465  464      
841   3  435  436  466      
842   3  467  436  437      
843   3  438  468  437      
844   3  469  438  439      
845   3  440  470  439      
846   3  441  471  440      
847   3  441  442  472      
848   3  473  442  443      
849   3  444  474  443      
850   3  444  445  475      
851   3  445  446  476      
852   3  446  447  477      
853   3  478  447  448      
854   3  479  448  449      
855   3  480  449  450      
856   3  451  481  450      
857   3  452  482  451      
858   3  452  453  483      
859   3  454  484  453      
860   3  485  454  455      
861   3  486  455  456      
862   3  457  487  456      
863   3  458  488  457      
864   3  489  458  459      
865   3  490  459  460      
866   3  460  461  491      
867   3  462  492  461      
868   3  462  463  493      
869   3  494  463  464      
870   3  465  495  464      
871   3  436  467  466      
872   3  468  467  437      
873   3  468  438  469      
874   3  470  469  439      
875   3  471  470  440      
876   3  471  441  472      
877   3  442  473  472      
878   3  474  473  443      
879   3  444  475  474      
880   3  475  445  476      
881   3  476  446  477      
882   3  447  478  477      
883   3  479  478  448      
884   3  480  479  449      
885   3  481  480  450      
886   3  482  481  451      
887   3  482  452  483      
888   3  453  484  483      
889   3  454  485  484      
890   3  486  485  455      
891   3  487  486  456      
892   3  457  488  487      
893   3  458  489  488      
894   3  490  489  459      
895   3  490  460  491      
896   3  461  492  491      
897   3  492  462  493      
898   3  493  463  494      
899   3  495  494  464      
900   3  495  465  496      
901   3  467  497  466      
902   3  467  468  498      
903   3  468  469  499      
904   3  469  470  500      
905   3  471  501  470      
906   3  471  472  502      
907   3  473  503  472      
908   3  473  474  504      
909   3  474  475  505      
910   3  475  476  506      
911   3  507  476  477      
912   3  478  508  477      
913   3  479  509  478      
914   3  510  479  480      
915   3  481  511  480      
916   3  481  482  512      
917   3  513  482  483      
918   3  484  514  483      
919   3  484  485  515      
920   3  485  486  516      
921   3  486  487  517      
922   3  488  518  487      
923   3  488  489  519      
924   3  489  490  520      
925   3  521  490  491      
926   3  492  522  491      
927   3  492  493  523      
928   3  493  494  524      
929   3  494  495  525      
930   3  526  495  496      
931   3  497  467  498      
932   3  498  468  499      
933   3  469  500  499      
934   3  470  501  500      
935   3  501  471  502      
936   3  472  503  502      
937   3  503  473  504      
938   3  504  474  505      
939   3  475  506  505      
940   3  476  507  506      
941   3  508  507  477      
942   3  509  508  478      
943   3  510  509  479      
944   3  511  510  480      
945   3  511  481  512      
946   3  512  482  513      
947   3  514  513  483      
948   3  514  484  515      
949   3  485  516  515      
950   3  516  486  517      
951   3  487  518  517      
952   3  518  488  519      
953   3  489  520  519      
954   3  490  521  520      
955   3  522  521  491      
956   3  522  492  523      
957   3  493  524  523      
958   3  524  494  525      
959   3  495  526  525      
960   3  527  526  496      
961   3  497  498  528      
962   3  529  498  499      
963   3  500  530  499      
964   3  501  531  500      
965   3  532  501  502      
966   3  503  533  502      
967   3  503  504  534      
968   3  535  504  505      
969   3  506  536  505      
970   3  506  507  537      
971   3  507  508  538      
972   3  508  509  539      
973   3  509  510  540      
974   3  510  511  541      
975   3  511  512  542      
976   3  512  513  543      
977   3  544  513  514      
978   3  545  514  515      
979   3  515  516  546      
980   3  547  516  517      
981   3  517  518  548      
982   3  549  518  519      
983   3  520  550  519      
984   3  520  521  551      
985   3  521  522  552      
986   3  553  522  523      
987   3  523  524  554      
988   3  555  524  525      
989   3  526  556  525      
990   3  526  527  557      
991   3  498  529  528      
992   3  530  529  499      
993   3  531  530  500      
994   3  501  532  531      
995   3  533  532  502      
996   3  503  534  533      
997   3  534  504  535      
998   3  536  535  505      
999   3  536  506  537      
1000  3  507  538  537      
1001  3  508  539  538      
1002  3  539  509  540      
1003  3  540  510  541      
1004  3  541  511  542      
1005  3  512  543  542      
1006  3  513  544  543      
1007  3  545  544  514      
1008  3  545  515  546      
1009  3  516  547  546      
1010  3  547  517  548      
1011  3  518  549  548      
1012  3  550  549  519      
1013  3  550  520  551      
1014  3  521  552  551      
1015  3  522  553  552      
1016  3  553  523  554      
1017  3  524  555  554      
1018  3  556  555  525      
1019  3  526  557  556      
1020  3  557  527  558      
1021  3  529  559  528      
1022  3  529  530  560      
1023  3  530  531  561      
1024  3  532  562  531      
1025  3  532  533  563      
1026  3  534  564  533      
1027  3  534  535  565      
1028  3  536  566  535      
1029  3  567  536  537      
1030  3  538  568  537      
1031  3  538  539  569      
1032  3  570  539  540      
1033  3  571  540  541      
1034  3  572  541  542      
1035  3  542  543  573      
1036  3  544  574  543      
1037  3  544  545  575      
1038  3  576  545  546      
1039  3  547  577  546      
1040  3  578  547  548      
1041  3  549  579  548      
1042  3  549  550  580      
1043  3  581  550  551      
1044  3  552  582  551      
1045  3  553  583  552      
1046  3  584  553  554      
1047  3  555  585  554      
1048  3  586  555  556      
1049  3  556  557  587      
1050  3  557  558  588      
1051  3  559  529  560      
1052  3  560  530  561      
1053  3  531  562  561      
1054  3  562  532  563      
1055  3  533  564  563      
1056  3  564  534  565      
1057  3  535  566  565      
1058  3  567  566  536      
1059  3  568  567  537      
1060  3  538  569  568      
1061  3  539  570  569      
1062  3  571  570  540      
1063  3  571  541  572      
1064  3  572  542  573      
1065  3  543  574  573      
1066  3  544  575  574      
1067  3  575  545  576      
1068  3  577  576  546      
1069  3  578  577  547      
1070  3  579  578  548      
1071  3  579  549  580      
1072  3  550  581  580      
1073  3  582  581  551      
1074  3  583  582  552      
1075  3  583  553  584      
1076  3  585  584  554      
1077  3  555  586  585      
1078  3  586  556  587      
1079  3  587  557  588      
1080  3  558  589  588      
1081  3  590  559  560      
1082  3  591  560  561      
1083  3  562  592  561      
1084  3  593  562  563      
1085  3  564  594  563      
1086  3  595  564  565      
1087  3  566  596  565      
1088  3  566  567  597      
1089  3  598  567  568      
1090  3  569  599  568      
1091  3  569  570  600      
1092  3  570  571  601      
1093  3  571  572  602      
1094  3  603  572  573      
1095  3  574  604  573      
1096  3  574  575  605      
1097  3  606  575  576      
1098  3  576  577  607      
1099  3  577  578  608      
1100  3  578  579  609      
1101  3  579  580  610      
1102  3  581  611  580      
1103  3  582  612  581      
1104  3  582  583  613      
1105  3  614  583  584      
1106  3  585  615  584      
1107  3  585  586  616      
1108  3  617  586  587      
1109  3  618  587  588      
1110  3  589  619  588      
1111  3  591  590  560      
1112  3  592  591  561      
1113  3  592  562  593      
1114  3  594  593  563      
1115  3  564  595  594      
1116  3  596  595  565      
1117  3  566  597  596      
1118  3  597  567  598      
1119  3  599  598  568      
1120  3  599  569  600      
1121  3  570  601  600      
1122  3  601  571  602      
1123  3  572  603  602      
1124  3  604  603  573      
1125  3  604  574  605      
1126  3  575  606  605      
1127  3  606  576  607      
1128  3  607  577  608      
1129  3  578  609  608      
1130  3  579  610  609      
1131  3  580  611  610      
1132  3  612  611  581      
1133  3  612  582  613      
1134  3  583  614  613      
1135  3  615  614  584      
1136  3  615  585  616      
1137  3  586  617  616      
1138  3  618  617  587      
1139  3  619  618  588      
1140  3  620  619  589      
1141  3  590  591  621      
1142  3  591  592  622      
1143  3  592  593  623      
1144  3  593  594  624      
1145  3  595  625  594      
1146  3  595  596  626      
1147  3  597  627  596      
1148  3  597  598  628      
1149  3  598  599  629      
1150  3  630  599  600      
1151  3  601  631  600      
1152  3  632  601  602      
1153  3  603  633  602      
1154  3  603  604  634      
1155  3  635  604  605      
1156  3  606  636  605      
1157  3  606  607  637      
1158  3  638  607  608      
1159  3  609  639  608      
1160  3  609  610  640      
1161  3  611  641  610      
1162  3  611  612  642      
1163  3  643  612  613      
1164  3  614  644  613      
1165  3  614  615  645      
1166  3  646  615  616      
1167  3  617  647  616      
1168  3  617  618  648      
1169  3  618  619  649      
1170  3  619  620  650      
1171  3  591  622  621      
1172  3  622  592  623      
1173  3  623  593  624      
1174  3  594  625  624      
1175  3  625  595  626      
1176  3  596  627  626      
1177  3  627  597  628      
1178  3  598  629  628      
1179  3  599  630  629      
1180  3  631  630  600      
1181  3  601  632  631      
1182  3  633  632  602      
1183  3  633  603  634      
1184  3  604  635  634      
1185  3  636  635  605      
1186  3  636  606  637      
1187  3  607  638  637      
1188  3  639  638  608      
1189  3  639  609  640      
1190  3  610  641  640      
1191  3  641  611  642      
1192  3  612  643  642      
1193  3  644  643  613      
1194  3  644  614  645      
1195  3  615  646  645      
1196  3  647  646  616      
1197  3  647  617  648      
1198  3  618  649  648      
1199  3  619  650  649      
1200  3  650  620  651      
1 ! total number of ocean boundaries
31 ! total number of ocean boundary nodes
31 ! number of nodes for ocean_boundary_1
1
2
3
4
5
6
7
8
9
10
11
12
13
14
15
16
17
18
19
20
21
22
23
24
25
26
27
28
29
30
31
1  ! total number of non-ocean boundaries
71 ! Total number of non-ocean boundary nodes
71 20 ! boundary 20:1
1
32
63
94
125
156
187
218
249
280
311
342
373
404
435
466
497
528
559
590
621
622
623
624
625
626
627
628
629
630
631
632
633
634
635
636
637
638
639
640
641
642
643
644
645
646
647
648
649
650
651
620
589
558
527
496
465
434
403
372
341
310
279
248
217
186
155
124
93
62
31