dx100dy100
800 441
         1 -1000.0000000000    0.0000000000   -1.0000000000
         2 -900.0000000000    0.0000000000   -1.0000000000
         3 -800.0000000000    0.0000000000   -1.0000000000
         4 -700.0000000000    0.0000000000    4.0000000000
         5 -600.0000000000    0.0000000000    4.0000000000
         6 -500.0000000000    0.0000000000   -1.0000000000
         7 -400.0000000000    0.0000000000   -1.0000000000
         8 -300.0000000000    0.0000000000    4.0000000000
         9 -200.0000000000    0.0000000000    4.0000000000
        10 -100.0000000000    0.0000000000   -1.0000000000
        11    0.0000000000    0.0000000000   -1.0000000000
        12  100.0000000000    0.0000000000   -1.0000000000
        13  200.0000000000    0.0000000000   -1.0000000000
        14  300.0000000000    0.0000000000   -1.0000000000
        15  400.0000000000    0.0000000000   -1.0000000000
        16  500.0000000000    0.0000000000   -1.0000000000
        17  600.0000000000    0.0000000000   -1.0000000000
        18  700.0000000000    0.0000000000   -1.0000000000
        19  800.0000000000    0.0000000000   -1.0000000000
        20  900.0000000000    0.0000000000   -1.0000000000
        21 1000.0000000000    0.0000000000   -1.0000000000
        22 -1000.0000000000  100.0000000000   -1.0000000000
        23 -900.0000000000  100.0000000000   -1.0000000000
        24 -800.0000000000  100.0000000000   -1.0000000000
        25 -700.0000000000  100.0000000000    4.0000000000
        26 -600.0000000000  100.0000000000    4.0000000000
        27 -500.0000000000  100.0000000000   -1.0000000000
        28 -400.0000000000  100.0000000000   -1.0000000000
        29 -300.0000000000  100.0000000000    4.0000000000
        30 -200.0000000000  100.0000000000    4.0000000000
        31 -100.0000000000  100.0000000000   -1.0000000000
        32    0.0000000000  100.0000000000   -1.0000000000
        33  100.0000000000  100.0000000000   -1.0000000000
        34  200.0000000000  100.0000000000   -1.0000000000
        35  300.0000000000  100.0000000000   -1.0000000000
        36  400.0000000000  100.0000000000   -1.0000000000
        37  500.0000000000  100.0000000000   -1.0000000000
        38  600.0000000000  100.0000000000   -1.0000000000
        39  700.0000000000  100.0000000000   -1.0000000000
        40  800.0000000000  100.0000000000   -1.0000000000
        41  900.0000000000  100.0000000000   -1.0000000000
        42 1000.0000000000  100.0000000000   -1.0000000000
        43 -1000.0000000000  200.0000000000   -1.0000000000
        44 -900.0000000000  200.0000000000   -1.0000000000
        45 -800.0000000000  200.0000000000   -1.0000000000
        46 -700.0000000000  200.0000000000    4.0000000000
        47 -600.0000000000  200.0000000000    4.0000000000
        48 -500.0000000000  200.0000000000   -1.0000000000
        49 -400.0000000000  200.0000000000   -1.0000000000
        50 -300.0000000000  200.0000000000    4.0000000000
        51 -200.0000000000  200.0000000000    4.0000000000
        52 -100.0000000000  200.0000000000   -1.0000000000
        53    0.0000000000  200.0000000000   -1.0000000000
        54  100.0000000000  200.0000000000   -1.0000000000
        55  200.0000000000  200.0000000000   -1.0000000000
        56  300.0000000000  200.0000000000   -1.0000000000
        57  400.0000000000  200.0000000000   -1.0000000000
        58  500.0000000000  200.0000000000   -1.0000000000
        59  600.0000000000  200.0000000000   -1.0000000000
        60  700.0000000000  200.0000000000   -1.0000000000
        61  800.0000000000  200.0000000000   -1.0000000000
        62  900.0000000000  200.0000000000   -1.0000000000
        63 1000.0000000000  200.0000000000   -1.0000000000
        64 -1000.0000000000  300.0000000000   -1.0000000000
        65 -900.0000000000  300.0000000000   -1.0000000000
        66 -800.0000000000  300.0000000000   -1.0000000000
        67 -700.0000000000  300.0000000000    4.0000000000
        68 -600.0000000000  300.0000000000    4.0000000000
        69 -500.0000000000  300.0000000000   -1.0000000000
        70 -400.0000000000  300.0000000000   -1.0000000000
        71 -300.0000000000  300.0000000000    4.0000000000
        72 -200.0000000000  300.0000000000    4.0000000000
        73 -100.0000000000  300.0000000000   -1.0000000000
        74    0.0000000000  300.0000000000   -1.0000000000
        75  100.0000000000  300.0000000000   -1.0000000000
        76  200.0000000000  300.0000000000   -1.0000000000
        77  300.0000000000  300.0000000000   -1.0000000000
        78  400.0000000000  300.0000000000   -1.0000000000
        79  500.0000000000  300.0000000000   -1.0000000000
        80  600.0000000000  300.0000000000   -1.0000000000
        81  700.0000000000  300.0000000000   -1.0000000000
        82  800.0000000000  300.0000000000   -1.0000000000
        83  900.0000000000  300.0000000000   -1.0000000000
        84 1000.0000000000  300.0000000000   -1.0000000000
        85 -1000.0000000000  400.0000000000   -1.0000000000
        86 -900.0000000000  400.0000000000   -1.0000000000
        87 -800.0000000000  400.0000000000   -1.0000000000
        88 -700.0000000000  400.0000000000    4.0000000000
        89 -600.0000000000  400.0000000000    4.0000000000
        90 -500.0000000000  400.0000000000   -1.0000000000
        91 -400.0000000000  400.0000000000   -1.0000000000
        92 -300.0000000000  400.0000000000    4.0000000000
        93 -200.0000000000  400.0000000000    4.0000000000
        94 -100.0000000000  400.0000000000   -1.0000000000
        95    0.0000000000  400.0000000000   -1.0000000000
        96  100.0000000000  400.0000000000   -1.0000000000
        97  200.0000000000  400.0000000000    4.0000000000
        98  300.0000000000  400.0000000000    4.0000000000
        99  400.0000000000  400.0000000000    4.0000000000
       100  500.0000000000  400.0000000000    4.0000000000
       101  600.0000000000  400.0000000000    4.0000000000
       102  700.0000000000  400.0000000000    4.0000000000
       103  800.0000000000  400.0000000000   -1.0000000000
       104  900.0000000000  400.0000000000   -1.0000000000
       105 1000.0000000000  400.0000000000   -1.0000000000
       106 -1000.0000000000  500.0000000000   -1.0000000000
       107 -900.0000000000  500.0000000000   -1.0000000000
       108 -800.0000000000  500.0000000000   -1.0000000000
       109 -700.0000000000  500.0000000000    4.0000000000
       110 -600.0000000000  500.0000000000    4.0000000000
       111 -500.0000000000  500.0000000000   -1.0000000000
       112 -400.0000000000  500.0000000000   -1.0000000000
       113 -300.0000000000  500.0000000000    4.0000000000
       114 -200.0000000000  500.0000000000    4.0000000000
       115 -100.0000000000  500.0000000000   -1.0000000000
       116    0.0000000000  500.0000000000   -1.0000000000
       117  100.0000000000  500.0000000000   -1.0000000000
       118  200.0000000000  500.0000000000    4.0000000000
       119  300.0000000000  500.0000000000    4.0000000000
       120  400.0000000000  500.0000000000    4.0000000000
       121  500.0000000000  500.0000000000    4.0000000000
       122  600.0000000000  500.0000000000    4.0000000000
       123  700.0000000000  500.0000000000    4.0000000000
       124  800.0000000000  500.0000000000   -1.0000000000
       125  900.0000000000  500.0000000000   -1.0000000000
       126 1000.0000000000  500.0000000000   -1.0000000000
       127 -1000.0000000000  600.0000000000   -1.0000000000
       128 -900.0000000000  600.0000000000   -1.0000000000
       129 -800.0000000000  600.0000000000   -1.0000000000
       130 -700.0000000000  600.0000000000    4.0000000000
       131 -600.0000000000  600.0000000000    4.0000000000
       132 -500.0000000000  600.0000000000   -1.0000000000
       133 -400.0000000000  600.0000000000   -1.0000000000
       134 -300.0000000000  600.0000000000    4.0000000000
       135 -200.0000000000  600.0000000000    4.0000000000
       136 -100.0000000000  600.0000000000   -1.0000000000
       137    0.0000000000  600.0000000000   -1.0000000000
       138  100.0000000000  600.0000000000   -1.0000000000
       139  200.0000000000  600.0000000000    4.0000000000
       140  300.0000000000  600.0000000000    4.0000000000
       141  400.0000000000  600.0000000000    4.0000000000
       142  500.0000000000  600.0000000000    4.0000000000
       143  600.0000000000  600.0000000000    4.0000000000
       144  700.0000000000  600.0000000000    4.0000000000
       145  800.0000000000  600.0000000000   -1.0000000000
       146  900.0000000000  600.0000000000   -1.0000000000
       147 1000.0000000000  600.0000000000   -1.0000000000
       148 -1000.0000000000  700.0000000000   -1.0000000000
       149 -900.0000000000  700.0000000000   -1.0000000000
       150 -800.0000000000  700.0000000000   -1.0000000000
       151 -700.0000000000  700.0000000000    4.0000000000
       152 -600.0000000000  700.0000000000    4.0000000000
       153 -500.0000000000  700.0000000000   -1.0000000000
       154 -400.0000000000  700.0000000000   -1.0000000000
       155 -300.0000000000  700.0000000000    4.0000000000
       156 -200.0000000000  700.0000000000    4.0000000000
       157 -100.0000000000  700.0000000000   -1.0000000000
       158    0.0000000000  700.0000000000   -1.0000000000
       159  100.0000000000  700.0000000000   -1.0000000000
       160  200.0000000000  700.0000000000    4.0000000000
       161  300.0000000000  700.0000000000    4.0000000000
       162  400.0000000000  700.0000000000    4.0000000000
       163  500.0000000000  700.0000000000    4.0000000000
       164  600.0000000000  700.0000000000    4.0000000000
       165  700.0000000000  700.0000000000    4.0000000000
       166  800.0000000000  700.0000000000   -1.0000000000
       167  900.0000000000  700.0000000000   -1.0000000000
       168 1000.0000000000  700.0000000000   -1.0000000000
       169 -1000.0000000000  800.0000000000   -1.0000000000
       170 -900.0000000000  800.0000000000   -1.0000000000
       171 -800.0000000000  800.0000000000   -1.0000000000
       172 -700.0000000000  800.0000000000    4.0000000000
       173 -600.0000000000  800.0000000000    4.0000000000
       174 -500.0000000000  800.0000000000   -1.0000000000
       175 -400.0000000000  800.0000000000   -1.0000000000
       176 -300.0000000000  800.0000000000    4.0000000000
       177 -200.0000000000  800.0000000000    4.0000000000
       178 -100.0000000000  800.0000000000   -1.0000000000
       179    0.0000000000  800.0000000000   -1.0000000000
       180  100.0000000000  800.0000000000   -1.0000000000
       181  200.0000000000  800.0000000000    4.0000000000
       182  300.0000000000  800.0000000000    4.0000000000
       183  400.0000000000  800.0000000000    4.0000000000
       184  500.0000000000  800.0000000000    4.0000000000
       185  600.0000000000  800.0000000000    4.0000000000
       186  700.0000000000  800.0000000000    4.0000000000
       187  800.0000000000  800.0000000000   -1.0000000000
       188  900.0000000000  800.0000000000   -1.0000000000
       189 1000.0000000000  800.0000000000   -1.0000000000
       190 -1000.0000000000  900.0000000000   -1.0000000000
       191 -900.0000000000  900.0000000000   -1.0000000000
       192 -800.0000000000  900.0000000000   -1.0000000000
       193 -700.0000000000  900.0000000000    4.0000000000
       194 -600.0000000000  900.0000000000    4.0000000000
       195 -500.0000000000  900.0000000000   -1.0000000000
       196 -400.0000000000  900.0000000000   -1.0000000000
       197 -300.0000000000  900.0000000000    4.0000000000
       198 -200.0000000000  900.0000000000    4.0000000000
       199 -100.0000000000  900.0000000000   -1.0000000000
       200    0.0000000000  900.0000000000   -1.0000000000
       201  100.0000000000  900.0000000000   -1.0000000000
       202  200.0000000000  900.0000000000    4.0000000000
       203  300.0000000000  900.0000000000    4.0000000000
       204  400.0000000000  900.0000000000    4.0000000000
       205  500.0000000000  900.0000000000    4.0000000000
       206  600.0000000000  900.0000000000    4.0000000000
       207  700.0000000000  900.0000000000    4.0000000000
       208  800.0000000000  900.0000000000   -1.0000000000
       209  900.0000000000  900.0000000000   -1.0000000000
       210 1000.0000000000  900.0000000000   -1.0000000000
       211 -1000.0000000000 1000.0000000000   -1.0000000000
       212 -900.0000000000 1000.0000000000   -1.0000000000
       213 -800.0000000000 1000.0000000000   -1.0000000000
       214 -700.0000000000 1000.0000000000    4.0000000000
       215 -600.0000000000 1000.0000000000    4.0000000000
       216 -500.0000000000 1000.0000000000   -1.0000000000
       217 -400.0000000000 1000.0000000000   -1.0000000000
       218 -300.0000000000 1000.0000000000    4.0000000000
       219 -200.0000000000 1000.0000000000    4.0000000000
       220 -100.0000000000 1000.0000000000   -1.0000000000
       221    0.0000000000 1000.0000000000   -1.0000000000
       222  100.0000000000 1000.0000000000   -1.0000000000
       223  200.0000000000 1000.0000000000   -1.0000000000
       224  300.0000000000 1000.0000000000   -1.0000000000
       225  400.0000000000 1000.0000000000   -1.0000000000
       226  500.0000000000 1000.0000000000   -1.0000000000
       227  600.0000000000 1000.0000000000   -1.0000000000
       228  700.0000000000 1000.0000000000   -1.0000000000
       229  800.0000000000 1000.0000000000   -1.0000000000
       230  900.0000000000 1000.0000000000   -1.0000000000
       231 1000.0000000000 1000.0000000000   -1.0000000000
       232 -1000.0000000000 1100.0000000000   -1.0000000000
       233 -900.0000000000 1100.0000000000   -1.0000000000
       234 -800.0000000000 1100.0000000000   -1.0000000000
       235 -700.0000000000 1100.0000000000    4.0000000000
       236 -600.0000000000 1100.0000000000    4.0000000000
       237 -500.0000000000 1100.0000000000   -1.0000000000
       238 -400.0000000000 1100.0000000000   -1.0000000000
       239 -300.0000000000 1100.0000000000    4.0000000000
       240 -200.0000000000 1100.0000000000    4.0000000000
       241 -100.0000000000 1100.0000000000   -1.0000000000
       242    0.0000000000 1100.0000000000   -1.0000000000
       243  100.0000000000 1100.0000000000   -1.0000000000
       244  200.0000000000 1100.0000000000   -1.0000000000
       245  300.0000000000 1100.0000000000   -1.0000000000
       246  400.0000000000 1100.0000000000   -1.0000000000
       247  500.0000000000 1100.0000000000   -1.0000000000
       248  600.0000000000 1100.0000000000   -1.0000000000
       249  700.0000000000 1100.0000000000   -1.0000000000
       250  800.0000000000 1100.0000000000   -1.0000000000
       251  900.0000000000 1100.0000000000   -1.0000000000
       252 1000.0000000000 1100.0000000000   -1.0000000000
       253 -1000.0000000000 1200.0000000000   -1.0000000000
       254 -900.0000000000 1200.0000000000   -1.0000000000
       255 -800.0000000000 1200.0000000000   -1.0000000000
       256 -700.0000000000 1200.0000000000    4.0000000000
       257 -600.0000000000 1200.0000000000    4.0000000000
       258 -500.0000000000 1200.0000000000   -1.0000000000
       259 -400.0000000000 1200.0000000000   -1.0000000000
       260 -300.0000000000 1200.0000000000    4.0000000000
       261 -200.0000000000 1200.0000000000    4.0000000000
       262 -100.0000000000 1200.0000000000   -1.0000000000
       263    0.0000000000 1200.0000000000   -1.0000000000
       264  100.0000000000 1200.0000000000   -1.0000000000
       265  200.0000000000 1200.0000000000   -1.0000000000
       266  300.0000000000 1200.0000000000   -1.0000000000
       267  400.0000000000 1200.0000000000   -1.0000000000
       268  500.0000000000 1200.0000000000   -1.0000000000
       269  600.0000000000 1200.0000000000   -1.0000000000
       270  700.0000000000 1200.0000000000   -1.0000000000
       271  800.0000000000 1200.0000000000   -1.0000000000
       272  900.0000000000 1200.0000000000   -1.0000000000
       273 1000.0000000000 1200.0000000000   -1.0000000000
       274 -1000.0000000000 1300.0000000000   -1.0000000000
       275 -900.0000000000 1300.0000000000   -1.0000000000
       276 -800.0000000000 1300.0000000000   -1.0000000000
       277 -700.0000000000 1300.0000000000    4.0000000000
       278 -600.0000000000 1300.0000000000    4.0000000000
       279 -500.0000000000 1300.0000000000   -1.0000000000
       280 -400.0000000000 1300.0000000000   -1.0000000000
       281 -300.0000000000 1300.0000000000   -1.0000000000
       282 -200.0000000000 1300.0000000000   -1.0000000000
       283 -100.0000000000 1300.0000000000   -1.0000000000
       284    0.0000000000 1300.0000000000   -1.0000000000
       285  100.0000000000 1300.0000000000   -1.0000000000
       286  200.0000000000 1300.0000000000   -1.0000000000
       287  300.0000000000 1300.0000000000   -1.0000000000
       288  400.0000000000 1300.0000000000   -1.0000000000
       289  500.0000000000 1300.0000000000   -1.0000000000
       290  600.0000000000 1300.0000000000   -1.0000000000
       291  700.0000000000 1300.0000000000   -1.0000000000
       292  800.0000000000 1300.0000000000   -1.0000000000
       293  900.0000000000 1300.0000000000   -1.0000000000
       294 1000.0000000000 1300.0000000000   -1.0000000000
       295 -1000.0000000000 1400.0000000000   -1.0000000000
       296 -900.0000000000 1400.0000000000   -1.0000000000
       297 -800.0000000000 1400.0000000000   -1.0000000000
       298 -700.0000000000 1400.0000000000    4.0000000000
       299 -600.0000000000 1400.0000000000    4.0000000000
       300 -500.0000000000 1400.0000000000   -1.0000000000
       301 -400.0000000000 1400.0000000000   -1.0000000000
       302 -300.0000000000 1400.0000000000   -1.0000000000
       303 -200.0000000000 1400.0000000000   -1.0000000000
       304 -100.0000000000 1400.0000000000   -1.0000000000
       305    0.0000000000 1400.0000000000   -1.0000000000
       306  100.0000000000 1400.0000000000   -1.0000000000
       307  200.0000000000 1400.0000000000   -1.0000000000
       308  300.0000000000 1400.0000000000   -1.0000000000
       309  400.0000000000 1400.0000000000   -1.0000000000
       310  500.0000000000 1400.0000000000   -1.0000000000
       311  600.0000000000 1400.0000000000   -1.0000000000
       312  700.0000000000 1400.0000000000   -1.0000000000
       313  800.0000000000 1400.0000000000   -1.0000000000
       314  900.0000000000 1400.0000000000   -1.0000000000
       315 1000.0000000000 1400.0000000000   -1.0000000000
       316 -1000.0000000000 1500.0000000000   -1.0000000000
       317 -900.0000000000 1500.0000000000   -1.0000000000
       318 -800.0000000000 1500.0000000000   -1.0000000000
       319 -700.0000000000 1500.0000000000    4.0000000000
       320 -600.0000000000 1500.0000000000    4.0000000000
       321 -500.0000000000 1500.0000000000    4.0000000000
       322 -400.0000000000 1500.0000000000    4.0000000000
       323 -300.0000000000 1500.0000000000    4.0000000000
       324 -200.0000000000 1500.0000000000    4.0000000000
       325 -100.0000000000 1500.0000000000    4.0000000000
       326    0.0000000000 1500.0000000000    4.0000000000
       327  100.0000000000 1500.0000000000    4.0000000000
       328  200.0000000000 1500.0000000000    4.0000000000
       329  300.0000000000 1500.0000000000    4.0000000000
       330  400.0000000000 1500.0000000000    4.0000000000
       331  500.0000000000 1500.0000000000    4.0000000000
       332  600.0000000000 1500.0000000000    4.0000000000
       333  700.0000000000 1500.0000000000    4.0000000000
       334  800.0000000000 1500.0000000000    4.0000000000
       335  900.0000000000 1500.0000000000    4.0000000000
       336 1000.0000000000 1500.0000000000    4.0000000000
       337 -1000.0000000000 1600.0000000000   -1.0000000000
       338 -900.0000000000 1600.0000000000   -1.0000000000
       339 -800.0000000000 1600.0000000000   -1.0000000000
       340 -700.0000000000 1600.0000000000    4.0000000000
       341 -600.0000000000 1600.0000000000    4.0000000000
       342 -500.0000000000 1600.0000000000    4.0000000000
       343 -400.0000000000 1600.0000000000    4.0000000000
       344 -300.0000000000 1600.0000000000    4.0000000000
       345 -200.0000000000 1600.0000000000    4.0000000000
       346 -100.0000000000 1600.0000000000    4.0000000000
       347    0.0000000000 1600.0000000000    4.0000000000
       348  100.0000000000 1600.0000000000    4.0000000000
       349  200.0000000000 1600.0000000000    4.0000000000
       350  300.0000000000 1600.0000000000    4.0000000000
       351  400.0000000000 1600.0000000000    4.0000000000
       352  500.0000000000 1600.0000000000    4.0000000000
       353  600.0000000000 1600.0000000000    4.0000000000
       354  700.0000000000 1600.0000000000    4.0000000000
       355  800.0000000000 1600.0000000000    4.0000000000
       356  900.0000000000 1600.0000000000    4.0000000000
       357 1000.0000000000 1600.0000000000    4.0000000000
       358 -1000.0000000000 1700.0000000000   -1.0000000000
       359 -900.0000000000 1700.0000000000   -1.0000000000
       360 -800.0000000000 1700.0000000000   -1.0000000000
       361 -700.0000000000 1700.0000000000    4.0000000000
       362 -600.0000000000 1700.0000000000    4.0000000000
       363 -500.0000000000 1700.0000000000    4.0000000000
       364 -400.0000000000 1700.0000000000    4.0000000000
       365 -300.0000000000 1700.0000000000    4.0000000000
       366 -200.0000000000 1700.0000000000    4.0000000000
       367 -100.0000000000 1700.0000000000    4.0000000000
       368    0.0000000000 1700.0000000000    4.0000000000
       369  100.0000000000 1700.0000000000    4.0000000000
       370  200.0000000000 1700.0000000000    4.0000000000
       371  300.0000000000 1700.0000000000    4.0000000000
       372  400.0000000000 1700.0000000000    4.0000000000
       373  500.0000000000 1700.0000000000    4.0000000000
       374  600.0000000000 1700.0000000000    4.0000000000
       375  700.0000000000 1700.0000000000    4.0000000000
       376  800.0000000000 1700.0000000000    4.0000000000
       377  900.0000000000 1700.0000000000    4.0000000000
       378 1000.0000000000 1700.0000000000    4.0000000000
       379 -1000.0000000000 1800.0000000000   -1.0000000000
       380 -900.0000000000 1800.0000000000   -1.0000000000
       381 -800.0000000000 1800.0000000000   -1.0000000000
       382 -700.0000000000 1800.0000000000   -1.0000000000
       383 -600.0000000000 1800.0000000000   -1.0000000000
       384 -500.0000000000 1800.0000000000   -1.0000000000
       385 -400.0000000000 1800.0000000000   -1.0000000000
       386 -300.0000000000 1800.0000000000   -1.0000000000
       387 -200.0000000000 1800.0000000000   -1.0000000000
       388 -100.0000000000 1800.0000000000   -1.0000000000
       389    0.0000000000 1800.0000000000   -1.0000000000
       390  100.0000000000 1800.0000000000   -1.0000000000
       391  200.0000000000 1800.0000000000   -1.0000000000
       392  300.0000000000 1800.0000000000   -1.0000000000
       393  400.0000000000 1800.0000000000   -1.0000000000
       394  500.0000000000 1800.0000000000   -1.0000000000
       395  600.0000000000 1800.0000000000   -1.0000000000
       396  700.0000000000 1800.0000000000   -1.0000000000
       397  800.0000000000 1800.0000000000   -1.0000000000
       398  900.0000000000 1800.0000000000   -1.0000000000
       399 1000.0000000000 1800.0000000000   -1.0000000000
       400 -1000.0000000000 1900.0000000000   -1.0000000000
       401 -900.0000000000 1900.0000000000   -1.0000000000
       402 -800.0000000000 1900.0000000000   -1.0000000000
       403 -700.0000000000 1900.0000000000   -1.0000000000
       404 -600.0000000000 1900.0000000000   -1.0000000000
       405 -500.0000000000 1900.0000000000   -1.0000000000
       406 -400.0000000000 1900.0000000000   -1.0000000000
       407 -300.0000000000 1900.0000000000   -1.0000000000
       408 -200.0000000000 1900.0000000000   -1.0000000000
       409 -100.0000000000 1900.0000000000   -1.0000000000
       410    0.0000000000 1900.0000000000   -1.0000000000
       411  100.0000000000 1900.0000000000   -1.0000000000
       412  200.0000000000 1900.0000000000   -1.0000000000
       413  300.0000000000 1900.0000000000   -1.0000000000
       414  400.0000000000 1900.0000000000   -1.0000000000
       415  500.0000000000 1900.0000000000   -1.0000000000
       416  600.0000000000 1900.0000000000   -1.0000000000
       417  700.0000000000 1900.0000000000   -1.0000000000
       418  800.0000000000 1900.0000000000   -1.0000000000
       419  900.0000000000 1900.0000000000   -1.0000000000
       420 1000.0000000000 1900.0000000000   -1.0000000000
       421 -1000.0000000000 2000.0000000000   -1.0000000000
       422 -900.0000000000 2000.0000000000   -1.0000000000
       423 -800.0000000000 2000.0000000000   -1.0000000000
       424 -700.0000000000 2000.0000000000   -1.0000000000
       425 -600.0000000000 2000.0000000000   -1.0000000000
       426 -500.0000000000 2000.0000000000   -1.0000000000
       427 -400.0000000000 2000.0000000000   -1.0000000000
       428 -300.0000000000 2000.0000000000   -1.0000000000
       429 -200.0000000000 2000.0000000000   -1.0000000000
       430 -100.0000000000 2000.0000000000   -1.0000000000
       431    0.0000000000 2000.0000000000   -1.0000000000
       432  100.0000000000 2000.0000000000   -1.0000000000
       433  200.0000000000 2000.0000000000   -1.0000000000
       434  300.0000000000 2000.0000000000   -1.0000000000
       435  400.0000000000 2000.0000000000   -1.0000000000
       436  500.0000000000 2000.0000000000   -1.0000000000
       437  600.0000000000 2000.0000000000   -1.0000000000
       438  700.0000000000 2000.0000000000   -1.0000000000
       439  800.0000000000 2000.0000000000   -1.0000000000
       440  900.0000000000 2000.0000000000   -1.0000000000
       441 1000.0000000000 2000.0000000000   -1.0000000000
    1 3     2    23     1
    2 3    24     2     3
    3 3     4    25     3
    4 3    26     4     5
    5 3     5     6    27
    6 3     7    28     6
    7 3     7     8    29
    8 3    30     8     9
    9 3    10    31     9
   10 3    32    10    11
   11 3    12    33    11
   12 3    34    12    13
   13 3    14    35    13
   14 3    36    14    15
   15 3    16    37    15
   16 3    16    17    38
   17 3    18    39    17
   18 3    40    18    19
   19 3    20    41    19
   20 3    42    20    21
   21 3    23    22     1
   22 3     2    24    23
   23 3    25    24     3
   24 3    26    25     4
   25 3    26     5    27
   26 3     6    28    27
   27 3    28     7    29
   28 3     8    30    29
   29 3    31    30     9
   30 3    32    31    10
   31 3    33    32    11
   32 3    34    33    12
   33 3    35    34    13
   34 3    14    36    35
   35 3    37    36    15
   36 3    37    16    38
   37 3    17    39    38
   38 3    18    40    39
   39 3    41    40    19
   40 3    42    41    20
   41 3    22    23    44
   42 3    24    45    23
   43 3    24    25    46
   44 3    25    26    47
   45 3    48    26    27
   46 3    28    49    27
   47 3    50    28    29
   48 3    30    51    29
   49 3    31    52    30
   50 3    31    32    53
   51 3    54    32    33
   52 3    33    34    55
   53 3    56    34    35
   54 3    36    57    35
   55 3    37    58    36
   56 3    59    37    38
   57 3    39    60    38
   58 3    40    61    39
   59 3    40    41    62
   60 3    41    42    63
   61 3    43    22    44
   62 3    23    45    44
   63 3    24    46    45
   64 3    46    25    47
   65 3    26    48    47
   66 3    49    48    27
   67 3    28    50    49
   68 3    51    50    29
   69 3    30    52    51
   70 3    52    31    53
   71 3    32    54    53
   72 3    54    33    55
   73 3    34    56    55
   74 3    57    56    35
   75 3    58    57    36
   76 3    37    59    58
   77 3    60    59    38
   78 3    61    60    39
   79 3    61    40    62
   80 3    62    41    63
   81 3    65    43    44
   82 3    45    66    44
   83 3    45    46    67
   84 3    68    46    47
   85 3    47    48    69
   86 3    70    48    49
   87 3    50    71    49
   88 3    72    50    51
   89 3    52    73    51
   90 3    52    53    74
   91 3    54    75    53
   92 3    76    54    55
   93 3    56    77    55
   94 3    56    57    78
   95 3    57    58    79
   96 3    59    80    58
   97 3    59    60    81
   98 3    60    61    82
   99 3    83    61    62
  100 3    84    62    63
  101 3    43    65    64
  102 3    66    65    44
  103 3    66    45    67
  104 3    46    68    67
  105 3    68    47    69
  106 3    48    70    69
  107 3    71    70    49
  108 3    72    71    50
  109 3    73    72    51
  110 3    73    52    74
  111 3    53    75    74
  112 3    54    76    75
  113 3    77    76    55
  114 3    56    78    77
  115 3    78    57    79
  116 3    58    80    79
  117 3    80    59    81
  118 3    81    60    82
  119 3    82    61    83
  120 3    84    83    62
  121 3    65    86    64
  122 3    66    87    65
  123 3    88    66    67
  124 3    68    89    67
  125 3    90    68    69
  126 3    70    91    69
  127 3    70    71    92
  128 3    71    72    93
  129 3    94    72    73
  130 3    95    73    74
  131 3    75    96    74
  132 3    76    97    75
  133 3    98    76    77
  134 3    78    99    77
  135 3   100    78    79
  136 3    80   101    79
  137 3   102    80    81
  138 3    81    82   103
  139 3    82    83   104
  140 3   105    83    84
  141 3    86    85    64
  142 3    87    86    65
  143 3    66    88    87
  144 3    89    88    67
  145 3    68    90    89
  146 3    91    90    69
  147 3    70    92    91
  148 3    92    71    93
  149 3    72    94    93
  150 3    95    94    73
  151 3    96    95    74
  152 3    97    96    75
  153 3    97    76    98
  154 3    99    98    77
  155 3    78   100    99
  156 3   101   100    79
  157 3    80   102   101
  158 3   102    81   103
  159 3   103    82   104
  160 3    83   105   104
  161 3    85    86   107
  162 3    86    87   108
  163 3    88   109    87
  164 3   110    88    89
  165 3    90   111    89
  166 3   112    90    91
  167 3    91    92   113
  168 3   114    92    93
  169 3    94   115    93
  170 3    94    95   116
  171 3   117    95    96
  172 3    96    97   118
  173 3    97    98   119
  174 3   120    98    99
  175 3   100   121    99
  176 3   101   122   100
  177 3   101   102   123
  178 3   124   102   103
  179 3   125   103   104
  180 3   105   126   104
  181 3   106    85   107
  182 3   107    86   108
  183 3    87   109   108
  184 3   109    88   110
  185 3   111   110    89
  186 3    90   112   111
  187 3   112    91   113
  188 3    92   114   113
  189 3   115   114    93
  190 3   115    94   116
  191 3    95   117   116
  192 3   117    96   118
  193 3    97   119   118
  194 3    98   120   119
  195 3   121   120    99
  196 3   122   121   100
  197 3   122   101   123
  198 3   102   124   123
  199 3   125   124   103
  200 3   126   125   104
  201 3   128   106   107
  202 3   129   107   108
  203 3   109   130   108
  204 3   131   109   110
  205 3   110   111   132
  206 3   111   112   133
  207 3   134   112   113
  208 3   114   135   113
  209 3   114   115   136
  210 3   137   115   116
  211 3   117   138   116
  212 3   139   117   118
  213 3   119   140   118
  214 3   120   141   119
  215 3   121   142   120
  216 3   122   143   121
  217 3   144   122   123
  218 3   124   145   123
  219 3   124   125   146
  220 3   125   126   147
  221 3   106   128   127
  222 3   129   128   107
  223 3   130   129   108
  224 3   130   109   131
  225 3   131   110   132
  226 3   132   111   133
  227 3   112   134   133
  228 3   135   134   113
  229 3   135   114   136
  230 3   115   137   136
  231 3   138   137   116
  232 3   138   117   139
  233 3   140   139   118
  234 3   141   140   119
  235 3   142   141   120
  236 3   143   142   121
  237 3   143   122   144
  238 3   145   144   123
  239 3   145   124   146
  240 3   125   147   146
  241 3   128   149   127
  242 3   129   150   128
  243 3   130   151   129
  244 3   130   131   152
  245 3   153   131   132
  246 3   154   132   133
  247 3   134   155   133
  248 3   134   135   156
  249 3   157   135   136
  250 3   137   158   136
  251 3   137   138   159
  252 3   160   138   139
  253 3   140   161   139
  254 3   140   141   162
  255 3   142   163   141
  256 3   142   143   164
  257 3   143   144   165
  258 3   144   145   166
  259 3   167   145   146
  260 3   147   168   146
  261 3   149   148   127
  262 3   150   149   128
  263 3   151   150   129
  264 3   151   130   152
  265 3   131   153   152
  266 3   154   153   132
  267 3   155   154   133
  268 3   155   134   156
  269 3   135   157   156
  270 3   158   157   136
  271 3   158   137   159
  272 3   138   160   159
  273 3   161   160   139
  274 3   161   140   162
  275 3   141   163   162
  276 3   163   142   164
  277 3   143   165   164
  278 3   165   144   166
  279 3   145   167   166
  280 3   168   167   146
  281 3   170   148   149
  282 3   150   171   149
  283 3   150   151   172
  284 3   173   151   152
  285 3   153   174   152
  286 3   154   175   153
  287 3   154   155   176
  288 3   155   156   177
  289 3   156   157   178
  290 3   158   179   157
  291 3   180   158   159
  292 3   160   181   159
  293 3   160   161   182
  294 3   183   161   162
  295 3   163   184   162
  296 3   185   163   164
  297 3   165   186   164
  298 3   187   165   166
  299 3   167   188   166
  300 3   167   168   189
  301 3   148   170   169
  302 3   171   170   149
  303 3   171   150   172
  304 3   151   173   172
  305 3   174   173   152
  306 3   153   175   174
  307 3   175   154   176
  308 3   176   155   177
  309 3   177   156   178
  310 3   157   179   178
  311 3   179   158   180
  312 3   181   180   159
  313 3   181   160   182
  314 3   161   183   182
  315 3   184   183   162
  316 3   185   184   163
  317 3   186   185   164
  318 3   165   187   186
  319 3   188   187   166
  320 3   188   167   189
  321 3   170   191   169
  322 3   170   171   192
  323 3   193   171   172
  324 3   173   194   172
  325 3   195   173   174
  326 3   175   196   174
  327 3   197   175   176
  328 3   198   176   177
  329 3   199   177   178
  330 3   179   200   178
  331 3   179   180   201
  332 3   181   202   180
  333 3   203   181   182
  334 3   183   204   182
  335 3   184   205   183
  336 3   184   185   206
  337 3   207   185   186
  338 3   187   208   186
  339 3   209   187   188
  340 3   210   188   189
  341 3   191   190   169
  342 3   170   192   191
  343 3   192   171   193
  344 3   194   193   172
  345 3   173   195   194
  346 3   196   195   174
  347 3   196   175   197
  348 3   198   197   176
  349 3   199   198   177
  350 3   200   199   178
  351 3   200   179   201
  352 3   180   202   201
  353 3   202   181   203
  354 3   204   203   182
  355 3   205   204   183
  356 3   184   206   205
  357 3   206   185   207
  358 3   208   207   186
  359 3   187   209   208
  360 3   210   209   188
  361 3   212   190   191
  362 3   191   192   213
  363 3   192   193   214
  364 3   215   193   194
  365 3   195   216   194
  366 3   195   196   217
  367 3   196   197   218
  368 3   197   198   219
  369 3   220   198   199
  370 3   199   200   221
  371 3   222   200   201
  372 3   202   223   201
  373 3   202   203   224
  374 3   203   204   225
  375 3   204   205   226
  376 3   205   206   227
  377 3   206   207   228
  378 3   207   208   229
  379 3   208   209   230
  380 3   209   210   231
  381 3   190   212   211
  382 3   212   191   213
  383 3   192   214   213
  384 3   193   215   214
  385 3   216   215   194
  386 3   195   217   216
  387 3   217   196   218
  388 3   197   219   218
  389 3   198   220   219
  390 3   220   199   221
  391 3   200   222   221
  392 3   223   222   201
  393 3   223   202   224
  394 3   224   203   225
  395 3   225   204   226
  396 3   205   227   226
  397 3   227   206   228
  398 3   228   207   229
  399 3   208   230   229
  400 3   230   209   231
  401 3   212   233   211
  402 3   234   212   213
  403 3   214   235   213
  404 3   215   236   214
  405 3   215   216   237
  406 3   216   217   238
  407 3   239   217   218
  408 3   219   240   218
  409 3   219   220   241
  410 3   242   220   221
  411 3   222   243   221
  412 3   244   222   223
  413 3   245   223   224
  414 3   224   225   246
  415 3   247   225   226
  416 3   227   248   226
  417 3   249   227   228
  418 3   250   228   229
  419 3   230   251   229
  420 3   252   230   231
  421 3   233   232   211
  422 3   212   234   233
  423 3   235   234   213
  424 3   236   235   214
  425 3   236   215   237
  426 3   216   238   237
  427 3   217   239   238
  428 3   240   239   218
  429 3   240   219   241
  430 3   220   242   241
  431 3   243   242   221
  432 3   244   243   222
  433 3   245   244   223
  434 3   245   224   246
  435 3   225   247   246
  436 3   248   247   226
  437 3   249   248   227
  438 3   250   249   228
  439 3   251   250   229
  440 3   230   252   251
  441 3   232   233   254
  442 3   234   255   233
  443 3   235   256   234
  444 3   235   236   257
  445 3   258   236   237
  446 3   238   259   237
  447 3   239   260   238
  448 3   239   240   261
  449 3   262   240   241
  450 3   242   263   241
  451 3   243   264   242
  452 3   243   244   265
  453 3   244   245   266
  454 3   267   245   246
  455 3   247   268   246
  456 3   248   269   247
  457 3   248   249   270
  458 3   271   249   250
  459 3   250   251   272
  460 3   251   252   273
  461 3   232   254   253
  462 3   233   255   254
  463 3   256   255   234
  464 3   256   235   257
  465 3   236   258   257
  466 3   259   258   237
  467 3   238   260   259
  468 3   260   239   261
  469 3   261   240   262
  470 3   263   262   241
  471 3   242   264   263
  472 3   264   243   265
  473 3   244   266   265
  474 3   245   267   266
  475 3   268   267   246
  476 3   247   269   268
  477 3   248   270   269
  478 3   270   249   271
  479 3   271   250   272
  480 3   251   273   272
  481 3   254   275   253
  482 3   255   276   254
  483 3   255   256   277
  484 3   278   256   257
  485 3   258   279   257
  486 3   258   259   280
  487 3   260   281   259
  488 3   260   261   282
  489 3   283   261   262
  490 3   263   284   262
  491 3   264   285   263
  492 3   286   264   265
  493 3   266   287   265
  494 3   266   267   288
  495 3   289   267   268
  496 3   269   290   268
  497 3   269   270   291
  498 3   292   270   271
  499 3   293   271   272
  500 3   273   294   272
  501 3   275   274   253
  502 3   276   275   254
  503 3   276   255   277
  504 3   256   278   277
  505 3   279   278   257
  506 3   279   258   280
  507 3   259   281   280
  508 3   281   260   282
  509 3   261   283   282
  510 3   284   283   262
  511 3   285   284   263
  512 3   264   286   285
  513 3   287   286   265
  514 3   287   266   288
  515 3   267   289   288
  516 3   290   289   268
  517 3   290   269   291
  518 3   270   292   291
  519 3   292   271   293
  520 3   294   293   272
  521 3   296   274   275
  522 3   297   275   276
  523 3   298   276   277
  524 3   278   299   277
  525 3   278   279   300
  526 3   301   279   280
  527 3   281   302   280
  528 3   303   281   282
  529 3   283   304   282
  530 3   283   284   305
  531 3   284   285   306
  532 3   286   307   285
  533 3   287   308   286
  534 3   309   287   288
  535 3   289   310   288
  536 3   289   290   311
  537 3   312   290   291
  538 3   292   313   291
  539 3   292   293   314
  540 3   293   294   315
  541 3   274   296   295
  542 3   297   296   275
  543 3   298   297   276
  544 3   299   298   277
  545 3   299   278   300
  546 3   279   301   300
  547 3   302   301   280
  548 3   302   281   303
  549 3   304   303   282
  550 3   283   305   304
  551 3   305   284   306
  552 3   285   307   306
  553 3   286   308   307
  554 3   287   309   308
  555 3   310   309   288
  556 3   310   289   311
  557 3   290   312   311
  558 3   313   312   291
  559 3   313   292   314
  560 3   314   293   315
  561 3   296   317   295
  562 3   296   297   318
  563 3   319   297   298
  564 3   298   299   320
  565 3   321   299   300
  566 3   301   322   300
  567 3   301   302   323
  568 3   324   302   303
  569 3   304   325   303
  570 3   304   305   326
  571 3   327   305   306
  572 3   307   328   306
  573 3   308   329   307
  574 3   309   330   308
  575 3   309   310   331
  576 3   332   310   311
  577 3   312   333   311
  578 3   312   313   334
  579 3   335   313   314
  580 3   336   314   315
  581 3   295   317   316
  582 3   317   296   318
  583 3   297   319   318
  584 3   319   298   320
  585 3   299   321   320
  586 3   322   321   300
  587 3   322   301   323
  588 3   302   324   323
  589 3   325   324   303
  590 3   325   304   326
  591 3   305   327   326
  592 3   328   327   306
  593 3   329   328   307
  594 3   330   329   308
  595 3   330   309   331
  596 3   310   332   331
  597 3   333   332   311
  598 3   333   312   334
  599 3   334   313   335
  600 3   336   335   314
  601 3   316   317   338
  602 3   339   317   318
  603 3   318   319   340
  604 3   341   319   320
  605 3   321   342   320
  606 3   322   343   321
  607 3   322   323   344
  608 3   324   345   323
  609 3   324   325   346
  610 3   347   325   326
  611 3   327   348   326
  612 3   327   328   349
  613 3   328   329   350
  614 3   329   330   351
  615 3   330   331   352
  616 3   331   332   353
  617 3   332   333   354
  618 3   333   334   355
  619 3   334   335   356
  620 3   335   336   357
  621 3   337   316   338
  622 3   317   339   338
  623 3   339   318   340
  624 3   319   341   340
  625 3   342   341   320
  626 3   343   342   321
  627 3   343   322   344
  628 3   323   345   344
  629 3   345   324   346
  630 3   325   347   346
  631 3   348   347   326
  632 3   348   327   349
  633 3   328   350   349
  634 3   350   329   351
  635 3   351   330   352
  636 3   352   331   353
  637 3   332   354   353
  638 3   333   355   354
  639 3   355   334   356
  640 3   335   357   356
  641 3   359   337   338
  642 3   339   360   338
  643 3   361   339   340
  644 3   341   362   340
  645 3   341   342   363
  646 3   342   343   364
  647 3   365   343   344
  648 3   345   366   344
  649 3   367   345   346
  650 3   347   368   346
  651 3   347   348   369
  652 3   370   348   349
  653 3   350   371   349
  654 3   350   351   372
  655 3   351   352   373
  656 3   374   352   353
  657 3   354   375   353
  658 3   355   376   354
  659 3   377   355   356
  660 3   357   378   356
  661 3   337   359   358
  662 3   360   359   338
  663 3   339   361   360
  664 3   362   361   340
  665 3   362   341   363
  666 3   363   342   364
  667 3   343   365   364
  668 3   366   365   344
  669 3   345   367   366
  670 3   368   367   346
  671 3   368   347   369
  672 3   348   370   369
  673 3   371   370   349
  674 3   371   350   372
  675 3   351   373   372
  676 3   373   352   374
  677 3   375   374   353
  678 3   376   375   354
  679 3   376   355   377
  680 3   378   377   356
  681 3   359   380   358
  682 3   360   381   359
  683 3   361   382   360
  684 3   361   362   383
  685 3   384   362   363
  686 3   385   363   364
  687 3   365   386   364
  688 3   365   366   387
  689 3   366   367   388
  690 3   389   367   368
  691 3   390   368   369
  692 3   370   391   369
  693 3   370   371   392
  694 3   371   372   393
  695 3   372   373   394
  696 3   395   373   374
  697 3   374   375   396
  698 3   375   376   397
  699 3   376   377   398
  700 3   399   377   378
  701 3   380   379   358
  702 3   359   381   380
  703 3   382   381   360
  704 3   382   361   383
  705 3   362   384   383
  706 3   385   384   363
  707 3   386   385   364
  708 3   386   365   387
  709 3   366   388   387
  710 3   367   389   388
  711 3   390   389   368
  712 3   391   390   369
  713 3   370   392   391
  714 3   392   371   393
  715 3   393   372   394
  716 3   373   395   394
  717 3   395   374   396
  718 3   375   397   396
  719 3   397   376   398
  720 3   377   399   398
  721 3   401   379   380
  722 3   381   402   380
  723 3   381   382   403
  724 3   382   383   404
  725 3   383   384   405
  726 3   384   385   406
  727 3   385   386   407
  728 3   408   386   387
  729 3   388   409   387
  730 3   389   410   388
  731 3   389   390   411
  732 3   390   391   412
  733 3   391   392   413
  734 3   414   392   393
  735 3   415   393   394
  736 3   395   416   394
  737 3   417   395   396
  738 3   396   397   418
  739 3   419   397   398
  740 3   399   420   398
  741 3   379   401   400
  742 3   402   401   380
  743 3   402   381   403
  744 3   382   404   403
  745 3   404   383   405
  746 3   384   406   405
  747 3   406   385   407
  748 3   386   408   407
  749 3   409   408   387
  750 3   410   409   388
  751 3   410   389   411
  752 3   390   412   411
  753 3   391   413   412
  754 3   413   392   414
  755 3   415   414   393
  756 3   416   415   394
  757 3   416   395   417
  758 3   417   396   418
  759 3   397   419   418
  760 3   420   419   398
  761 3   400   401   422
  762 3   401   402   423
  763 3   402   403   424
  764 3   404   425   403
  765 3   426   404   405
  766 3   406   427   405
  767 3   406   407   428
  768 3   408   429   407
  769 3   408   409   430
  770 3   431   409   410
  771 3   432   410   411
  772 3   412   433   411
  773 3   412   413   434
  774 3   413   414   435
  775 3   414   415   436
  776 3   415   416   437
  777 3   438   416   417
  778 3   439   417   418
  779 3   419   440   418
  780 3   419   420   441
  781 3   400   422   421
  782 3   401   423   422
  783 3   423   402   424
  784 3   403   425   424
  785 3   425   404   426
  786 3   427   426   405
  787 3   427   406   428
  788 3   407   429   428
  789 3   429   408   430
  790 3   409   431   430
  791 3   431   410   432
  792 3   433   432   411
  793 3   433   412   434
  794 3   434   413   435
  795 3   414   436   435
  796 3   436   415   437
  797 3   416   438   437
  798 3   438   417   439
  799 3   440   439   418
  800 3   440   419   441
3 = Number of open boundaries
7 = Total number of open boundary nodes
3 = Number of nodes for open boundary 1
378
357
336
2 = Number of nodes for open boundary 2
9
8
2 = Number of nodes for open boundary 3
5
4
3 = Number of land boundaries
79 = Total number of land boundary nodes
47 20 = Number of nodes for land boundary 1, IBTYPE
4
3
2
1
22
43
64
85
106
127
148
169
190
211
232
253
274
295
316
337
358
379
400
421
422
423
424
425
426
427
428
429
430
431
432
433
434
435
436
437
438
439
440
441
420
399
378
28 20 = Number of nodes for land boundary 2, IBTYPE
336
315
294
273
252
231
210
189
168
147
126
105
84
63
42
21
20
19
18
17
16
15
14
13
12
11
10
9
4 20 = Number of nodes for land boundary 3, IBTYPE
8
7
6
5
